2 0.11205330000007052 96
5 6.550000011884549e-05 600
10 2.599999993435631e-05 2400
12 0.0016044999999849097 3456
15 6.289999987529882e-05 5400
20 0.0011010999999143678 9600
30 0.0007302999999865278 21600
40 0.00037849999989703065 38400
45 0.00019150000002809975 48600
50 0.0003804000000400265 60000
55 0.00013069999999970605 72600
60 0.00017180000008920615 86400
75 0.00023719999990134966 135000
100 0.0009379000000535598 240000
125 0.000488600000153383 375000
160 0.0007362000001194247 614400
200 0.0013658000000305037 960000
250 0.0100224000000253 1500000
350 0.0064042999999855965 2940000
500 0.035123399999974936 6000000
600 0.04566320000003543 8640000
800 0.06037330000003749 15360000
1000 0.11890670000002501 24000000
2000 0.6570502999998098 96000000
5000 8.22251540000002 600000000
10000 64.73879839999995 2400000000
