2 0.09316899999998896 96
5 3.90000000152213e-05 600
10 1.6200000118260505e-05 2400
12 3.390000006220362e-05 3456
15 6.839999991825607e-05 5400
20 0.0011435000001256412 9600
30 0.00023250000003827154 21600
40 0.00019450000013421231 38400
45 7.589999995616381e-05 48600
50 9.559999989505741e-05 60000
55 0.00010250000013911631 72600
60 0.0001107000000502012 86400
75 0.00011610000001383014 135000
100 0.0003248000000439788 240000
125 0.0004386000000522472 375000
160 0.0006619000000682718 614400
200 0.0011176000000432396 960000
250 0.002118599999903381 1500000
350 0.005392000000028929 2940000
500 0.017074300000103904 6000000
600 0.027723200000082215 8640000
800 0.0606771000000208 15360000
1000 0.09228919999986829 24000000
2000 0.5274216000000251 96000000
5000 8.259050600000137 600000000
10000 59.58918430000017 2400000000
