2 0.09316599999988284 96
5 5.1699999858101364e-05 600
10 3.2400000009147334e-05 2400
12 0.0003815000000031432 3456
15 2.0499999891399057e-05 5400
20 0.0004392000000734697 9600
30 0.00013999999987390765 21600
40 0.0012785999999778142 38400
45 6.929999995008984e-05 48600
50 0.00013370000010581862 60000
55 0.00010229999998045969 72600
60 0.00011019999988093332 86400
75 0.0001227000000199041 135000
100 0.0003501999999571126 240000
125 0.0003466999999091058 375000
160 0.0005126000000927888 614400
200 0.0008629999999811844 960000
250 0.002031699999861303 1500000
350 0.0046998999998777435 2940000
500 0.014668900000060603 6000000
600 0.020507899999984147 8640000
800 0.04041449999999713 15360000
1000 0.11411889999999403 24000000
2000 0.5051155000001017 96000000
5000 7.942531600000166 600000000
10000 65.74132589999999 2400000000
