2 0.0019119999997201376 0.00019380000048840884
5 0.001953200000571087 0.0001740000006975606
10 0.0016814999999041902 0.00018730000010691583
15 0.0016952000005403534 0.0001868999988801079
20 0.0016935000003286405 0.0001878000002761837
30 0.001678300001003663 0.00019139999858452938
45 0.0016940000004979083 0.00023370000053546391
50 0.0016940000004979083 0.00019489999976940453
60 0.0017317999991064426 0.0003015000002051238
75 0.0016286000009131385 0.00019280000014987309
125 0.0016124000012496253 0.00020589999985531904
160 0.001868700001068646 0.000370699999621138
200 0.0016553999994357582 0.00020109999968553893
250 0.0016541999993933132 0.000204699999812874
350 0.0016128999995999038 0.0002015999998548068
500 0.0022134999999252614 0.0002172999993490521
600 0.0017268000010517426 0.00022170000011101365
800 0.001774700000169105 0.0002365000000281725
1000 0.002099600000292412 0.00023669999973208178
2000 0.002124000000549131 0.00027969999973720405
5000 0.002449999999953434 0.00040859999899112154
8000 0.003155600001264247 0.0005864999984623864
10000 0.003361500001119566 0.0006938999995327322
12000 0.00342110000019602 0.0007738999993307516
14000 0.0038366999997379025 0.0007827999997971347
16000 0.0038865000005898764 0.0010023999984696275
20000 0.004245400001309463 0.0009964999990188517
