2 0.00012010000136797316 2.8799997380701825e-05
5 5.94000011915341e-05 1.2999997125007212e-05
10 5.790000068373047e-05 1.1500000255182385e-05
15 6.930000017746352e-05 1.4299999747890979e-05
20 6.360000043059699e-05 4.289999924367294e-05
30 7.249999907799065e-05 2.2500000341096893e-05
45 9.890000001178123e-05 7.889999687904492e-05
50 0.0006767000013496727 6.529999882332049e-05
60 0.00023710000095888972 7.65999975556042e-05
75 0.00022230000104173087 0.00012340000102994964
125 0.0005539000012504403 0.00033709999843267724
160 0.000854300000355579 0.0005875999995623715
200 0.001754699998855358 0.0008974000011221506
250 0.0030874000003677793 0.001686900002823677
350 0.004692099999374477 0.004519499998423271
500 0.016216299998632167 0.013796700000966666
600 0.02614949999770033 0.02677870000115945
800 0.0487092000003031 0.05190539999966859
1000 0.07865849999870989 0.09684689999994589
2000 0.3276101000010385 0.8940633000020171
5000 2.412883900000452 8.404741999998805
8000 7.4467780999984825 36.668315099999745
