2 3.8300000051094683e-05
5 3.6709999994855026e-05
10 4.783000006227667e-05
12 4.586999998537067e-05
15 5.1159999998162675e-05
20 5.868999994618207e-05
30 8.653999998387008e-05
40 0.00010251000001062493
45 0.0001538100000061604
50 0.00012535000003026652
55 0.00014971000000514324
60 0.00014572999998563319
75 0.00025861000003715164
100 0.0002913999999918815
125 0.000531249999994543
160 0.0009322400000428388
200 0.0012188200000309735
250 0.003938280000011218
350 0.00723860000005061
500 0.020690609999951447
600 0.03710138000003553
800 0.0725021300000435
1000 0.13472835000002306
2000 0.8888277699999889
5000 14.166666949999989
