2 5.3259999958754634e-05
5 5.7529999958205734e-05
10 6.511999995382212e-05
12 7.164000003285764e-05
15 8.766000005380192e-05
20 9.94300000002113e-05
30 0.0001901899998301815
40 0.00043598000002020854
45 0.0005210100000113016
50 0.0006818899999416316
55 0.0008694999999988795
60 0.0011452699999153992
75 0.0017934200000581768
100 0.0028959799998574455
125 0.006990020000012009
160 0.00683031999992636
200 0.01275957999991988
250 0.02009461999996347
350 0.04675821000000724
500 0.11456750000002103
600 0.165090470000041
800 0.3720775599999797
1000 0.7289298999999119
2000 6.302996670000084
