2 0.0011430799998834117
5 0.0003492299999379611
10 9.675999995124584e-05
12 0.00013665000001310544
15 0.00010894999995798571
20 0.00012632999992092663
30 0.00021508999998332
40 0.0004295700000511715
45 0.00039217000012286006
50 0.0006057899999632355
55 0.000673140000026251
60 0.0007864100000460894
75 0.0010806799999045324
100 0.0018225200000415499
125 0.003564399999959278
160 0.003931900000043243
200 0.005935829999953057
250 0.00899655000016537
350 0.02046704999997928
500 0.04622543999998925
600 0.07805228000001989
800 0.1833916199999294
1000 0.3559812299999976
2000 2.9123645800000757
