2 0.0004637000000002445
5 0.00013264999997772975
10 6.989999997131235e-05
12 7.489000008717995e-05
15 8.920000004764006e-05
20 0.00016347000005225709
30 0.00019135999996251486
40 0.0006729299999278737
45 0.000656989999970392
50 0.000870230000009542
55 0.0008391100000608275
60 0.0014220399998521316
75 0.0018039599999156053
100 0.002811610000071596
125 0.007520320000003267
160 0.007132739999997284
200 0.012294240000073842
250 0.019696149999936095
350 0.04567746999991869
500 0.11650073000000702
600 0.165936499999998
800 0.37112960999997996
1000 0.6961368000000221
2000 6.502166839999927
