2 0.0003971099999944272
5 6.574999997610576e-05
10 7.624999989275238e-05
12 8.009999992282246e-05
15 9.193000000777829e-05
20 0.00010247999998682644
30 0.0002934500000264961
40 0.00038295000008474743
45 0.0004909499999939726
50 0.0004863400000886031
55 0.0010036599999693862
60 0.0007520900000145047
75 0.001240180000058899
100 0.0014011300000674964
125 0.0031437300000561664
160 0.002875980000044365
200 0.004670739999983198
250 0.008241350000025705
350 0.01731835999989926
500 0.041828649999888515
600 0.07238407000004372
800 0.1740923899999416
1000 0.33266233999993344
2000 2.9728861999999934
