2 6.10300000062125e-05
5 7.248000001709442e-05
10 8.86800000898802e-05
12 9.486000012657315e-05
15 0.00010492999999769381
20 0.00012273999991521122
30 0.000217449999991004
40 0.00033925000016097326
45 0.00039791999997760283
50 0.0005104499999106337
55 0.0006438200000957294
60 0.0007688100000450504
75 0.0010387900000296212
100 0.001618830000052185
125 0.0068743200000426444
160 0.0035842499999944265
200 0.005977830000119866
250 0.009297289999994972
350 0.020448560000022552
500 0.04642062999996597
600 0.07845374999988053
800 0.16885522000006858
1000 0.3530651399999442
2000 2.8408371799999714
