2 5.298000000948377e-05
5 5.697999995391001e-05
10 6.464000011874305e-05
12 6.991000004745729e-05
15 8.674000000610249e-05
20 9.662999987085641e-05
30 0.00018304000000171072
40 0.00043563000008361996
45 0.0005237199999555741
50 0.0007514800000080867
55 0.0008287699999982578
60 0.0011956299998928444
75 0.0017303399999946123
100 0.0029203700000380193
125 0.005277979999937088
160 0.006908819999944171
200 0.012178120000044146
250 0.021401149999974223
350 0.04594564999993054
500 0.11861007999996218
600 0.16012093999997887
800 0.3859449000001405
1000 0.6984329400000661
2000 6.488813789999949
