2 5.858000004081987e-05
5 7.095999999364721e-05
10 8.744000001570384e-05
12 8.979000012914185e-05
15 0.00010273999996570637
20 0.00012257000003046414
30 0.00020957999990969255
40 0.0003301500000361557
45 0.0003822599999693921
50 0.0005032999999002641
55 0.0006120600000485866
60 0.0008102700000563346
75 0.000996930000019347
100 0.0015851999999540566
125 0.0033374800000274263
160 0.003512140000020736
200 0.006166809999967882
250 0.009387950000109413
350 0.020536889999993944
500 0.04661851999990176
600 0.07380226000004768
800 0.1692242000000533
1000 0.3569516899999144
2000 2.94368158999996
