2 0.00012141000001975044
5 6.086000003051595e-05
10 6.990999995650781e-05
12 7.493999996768252e-05
15 8.950999986154785e-05
20 0.00010061999996651139
30 0.0001972500001102162
40 0.0004459700000552402
45 0.0005415299999185664
50 0.0007090099999459198
55 0.0008894599999621277
60 0.0011568299999453302
75 0.001788349999969796
100 0.0029168400000344264
125 0.005367729999943549
160 0.006449069999962376
200 0.012154060000011669
250 0.02043787000006887
350 0.04752832999993188
500 0.11795296999998754
600 0.1685303400000066
800 0.3749050200000056
1000 0.7149468399999932
2000 6.476897730000019
