2 6.331999998110405e-05
5 6.423000008908275e-05
10 7.467000000360713e-05
12 8.029000009628362e-05
15 8.998999996947532e-05
20 0.00010016000001087378
30 0.0001957600000423554
40 0.000330490000123973
45 0.0004630099999758386
50 0.0004487200000312441
55 0.0007269499999438267
60 0.0007017100000666687
75 0.001145719999976791
100 0.0014474800000243704
125 0.0031920699999773206
160 0.002798900000152571
200 0.004502150000098482
250 0.0078026300000146875
350 0.017865210000036314
500 0.0422899199999847
600 0.0693384899999728
800 0.1679376300000513
1000 0.34836633999993866
2000 3.021152180000081
