2 7.791000007273396e-05
5 7.053999997879146e-05
10 7.570999998733896e-05
12 7.786000005580718e-05
15 7.580000003599707e-05
20 7.913000004009519e-05
30 9.161000000403873e-05
40 0.00010463999994954065
45 0.00014359999997850536
50 0.00013618999998925573
55 0.00013354999996408878
60 0.0001453300000548552
75 0.00021440999998958432
100 0.00023236000001816137
125 0.00047094000001379754
160 0.0004476200000226527
200 0.0005631899999798406
250 0.0015287000000171248
350 0.002091500000005908
500 0.009505559999956859
600 0.01589716999999382
800 0.0300193400000353
1000 0.05640187999999853
2000 0.2751281199999994
5000 2.9854115299999875
