2 8.743000003050839e-05
5 8.817999998882442e-05
10 8.608999999069056e-05
12 9.19200000453202e-05
15 9.359000000586093e-05
20 0.00010584999997718115
30 0.00011842000003525754
40 0.00013240000000678265
45 0.00015684999998484274
50 0.00017375999996147585
55 0.00016336000003320806
60 0.00017973999999867373
75 0.00027255999998487823
100 0.00035778000003574564
125 0.000577260000068236
160 0.0007461499999863008
200 0.0009852300000147806
250 0.002538490000051752
350 0.0035831200000302488
500 0.01478706000002603
600 0.021704460000023573
800 0.04180481999999301
1000 0.07580800999999156
2000 0.4082409100000177
5000 4.000863449999974
