2 0.0008865099999411541
5 7.848999996440398e-05
10 0.00010541000003740919
12 0.00010158999998566287
15 0.00010514999999031716
20 9.713999997984502e-05
30 0.00012107000000014523
40 0.00012942999999268067
45 0.00019294000001082167
50 0.0001836600000387989
55 0.00016322999999829335
60 0.00020053000000643805
75 0.0002669400000058886
100 0.00028630999997858453
125 0.0004518699998925513
160 0.000743119999992814
200 0.0008031499999788139
250 0.00222892000003867
350 0.0032568699999956153
500 0.012280170000008184
600 0.020019099999967694
800 0.03923480000000836
1000 0.0727623099999846
2000 0.3962943299999779
5000 4.770727129999955
