2 7.54099999767277e-05
5 7.342999995216815e-05
10 7.677000003241119e-05
12 8.946999998897809e-05
15 7.969999999204446e-05
20 9.358999998312356e-05
30 0.00011499999995976396
40 0.00012363000000732428
45 0.0001735000000053333
50 0.00017047000003458379
55 0.00016258000000561877
60 0.0001697700000477198
75 0.0002656799999613213
100 0.00029065999997328617
125 0.0004850999999916894
160 0.0005794400000013411
200 0.0007754300000215153
250 0.0019729599999891434
350 0.002781879999997727
500 0.01583486999993511
600 0.01943535999996584
800 0.03935990999998466
1000 0.07072621000004346
2000 0.377603140000042
5000 4.786348739999949
