2 7.166000002598594e-05
5 6.844999995792023e-05
10 7.266000000072381e-05
12 7.442999999511813e-05
15 7.437999995545397e-05
20 9.041999994678918e-05
30 0.0001070099999424201
40 0.00011913000005279173
45 0.00016636999998809188
50 0.0001417699999819888
55 0.0001584999999295178
60 0.00016377000006286834
75 0.00023941000001741485
100 0.00027713999998013605
125 0.0004698199999666031
160 0.0005749900000182606
200 0.0007585899999867252
250 0.0018595799999957308
350 0.0028949999999895227
500 0.010499429999981658
600 0.018753069999979742
800 0.044852160000004915
1000 0.06892051000002083
2000 0.3812966499999675
5000 4.995910130000039
