2 7.474999999885767e-05
5 6.778999998005019e-05
10 7.217999998374581e-05
12 7.368000003680209e-05
15 7.35000000531727e-05
20 8.860000000368017e-05
30 0.00010570999997980835
40 0.00011812999996436701
45 0.00017818999997416541
50 0.00013730999999097548
55 0.00015227999999751775
60 0.00016155999999227787
75 0.00023575000000164437
100 0.0002743800000189367
125 0.00047578000003341004
160 0.0005588999999645239
200 0.0007420999999794731
250 0.0017285699999774807
350 0.002993809999952646
500 0.010494549999998526
600 0.018925749999993968
800 0.039808690000018035
1000 0.0699773599999844
2000 0.3699498200000562
5000 4.98119992000004
