2 0.025671000000329514 768
5 0.0001247000000148546 4800
10 0.00014869999995426042 19200
12 0.00010789999942062423 27648
15 0.00011540000014065299 43200
20 0.00021890000061830506 76800
30 0.0002195999995819875 172800
40 0.00033520000033604447 307200
45 0.00031800000033399556 388800
50 0.00032760000067355577 480000
55 0.00038750000021536835 580800
60 0.0005403000004662317 691200
75 0.0005307000001266715 1080000
100 0.0006885000002512243 1920000
125 0.000992900000710506 3000000
160 0.00134280000020226 4915200
200 0.0020803999996132916 7680000
250 0.0034169000000474625 12000000
350 0.00813319999997475 23520000
500 0.02100869999958377 48000000
600 0.03568970000014815 69120000
800 0.07598270000016782 122880000
1000 0.1406351999994513 192000000
2000 0.8927315999999337 768000000
5000 8.957387200000085 4800000000
