2 0.021754000000328233 768
5 0.00013020000005781185 4800
10 6.000000030326191e-05 19200
12 9.660000068834051e-05 27648
15 9.520000003249152e-05 43200
20 0.00018770000042422907 76800
30 0.0002844000000550295 172800
40 0.000473000000056345 307200
45 0.0002941999991890043 388800
50 0.000754400000005262 480000
55 0.0005785000003015739 580800
60 0.00040270000044984045 691200
75 0.000555999999960477 1080000
100 0.0006419999999707215 1920000
125 0.014880000000630389 3000000
160 0.0013061000008747214 4915200
200 0.0019173000000591855 7680000
250 0.0034832000001188135 12000000
350 0.007260600000336126 23520000
500 0.0195516999992833 48000000
600 0.03311360000043351 69120000
800 0.07506300000022748 122880000
1000 0.14186210000025312 192000000
2000 0.6564472000000023 768000000
5000 9.126963400000022 4800000000
