2 0.025662799999736308 768
5 0.0001357000001007691 4800
10 7.860000005166512e-05 19200
12 7.420000019919826e-05 27648
15 7.970000024215551e-05 43200
20 0.0001635999997233739 76800
30 0.0001598999997440842 172800
40 0.0002739000001383829 307200
45 0.00030139999944367446 388800
50 0.00028139999994891696 480000
55 0.00036869999985356117 580800
60 0.0003763999993680045 691200
75 0.0005049999999755528 1080000
100 0.0006475000000136788 1920000
125 0.0009565999998812913 3000000
160 0.0012689999994108803 4915200
200 0.001966599999832397 7680000
250 0.0033488999997643987 12000000
350 0.007274699999470613 23520000
500 0.019164899999850604 48000000
600 0.0340198000003511 69120000
800 0.07318409999970754 122880000
1000 0.13900980000016716 192000000
2000 0.7177609999998822 768000000
5000 8.810734499999853 4800000000
