2 0.018756200000098033 768
5 0.00010209999982180307 4800
10 5.5700000302749686e-05 19200
12 5.340000006981427e-05 27648
15 5.700000019714935e-05 43200
20 0.00012139999944338342 76800
30 0.00011629999971773941 172800
40 0.00022139999964565504 307200
45 0.0002958999994007172 388800
50 0.0003040999999939231 480000
55 0.000371899999663583 580800
60 0.0003907000000253902 691200
75 0.0004643000002033659 1080000
100 0.0006430999992517172 1920000
125 0.0009514000003036927 3000000
160 0.0012563000000227476 4915200
200 0.0019805000001724693 7680000
250 0.003187700000125915 12000000
350 0.00729109999974753 23520000
500 0.019217699999899196 48000000
600 0.037793699999383534 69120000
800 0.07547640000029787 122880000
1000 0.1423516999993808 192000000
2000 0.7295057999999699 768000000
5000 9.403151000000435 4800000000
