2 0.0016826999999466352 768
5 0.0001019000010273885 4800
10 0.0005816000011691358 19200
12 0.0001221999991685152 27648
15 0.00011449999874457717 43200
20 0.0010053999976662453 76800
30 0.00019700000120792538 172800
40 0.00019439999960013665 307200
45 0.00029490000088117085 388800
50 0.00026539999817032367 480000
55 0.000296499998512445 580800
60 0.0003034999972442165 691200
75 0.0004982999998901505 1080000
100 0.0006983999992371537 1920000
125 0.0014035000021976884 3000000
160 0.0015865999994275626 4915200
200 0.00291319999814732 7680000
250 0.004733900001156144 12000000
350 0.009992299997975351 23520000
500 0.029283899999427376 48000000
600 0.0495773000002373 69120000
800 0.11373590000221157 122880000
1000 0.19806719999905908 192000000
2000 1.3668309999993653 768000000
5000 18.044334700000036 4800000000
10000 140.22506200000134 19200000000
