2 0.011562300000150572 768
5 0.00013269999999465654 4800
10 0.00010370000018156134 19200
12 0.00010599999950500205 27648
15 0.00010620000011840602 43200
20 0.00013069999931758502 76800
30 0.0001229999998031417 172800
40 0.00023390000023937318 307200
45 0.0003027000002475688 388800
50 0.0003136000004815287 480000
55 0.00036300000010669464 580800
60 0.000372100000276987 691200
75 0.0005116999991514604 1080000
100 0.0006473999992522295 1920000
125 0.0010062999999718159 3000000
160 0.0012166999995315564 4915200
200 0.001908000000184984 7680000
250 0.003281299999798648 12000000
350 0.007124400000066089 23520000
500 0.01965360000031069 48000000
600 0.03412229999958072 69120000
800 0.07528150000052847 122880000
1000 0.1389671000006274 192000000
2000 0.7129398999995828 768000000
3000 2.1622778000000835 1728000000
