2 0.009324499999820546 768
5 0.00012460000016289996 4800
10 8.909999996831175e-05 19200
12 8.490000072924886e-05 27648
15 0.00014149999969959026 43200
20 0.0002006999993682257 76800
30 0.00020120000044698827 172800
40 0.0003028999999514781 307200
45 0.00029240000003483146 388800
50 0.0003014999992956291 480000
55 0.0003673999999591615 580800
60 0.00036670000008598436 691200
75 0.0005055000001448207 1080000
100 0.0006395999998858315 1920000
125 0.0009171000001515495 3000000
160 0.0012654000001930399 4915200
200 0.002286900000399328 7680000
250 0.003230999999686901 12000000
350 0.007360399999924994 23520000
500 0.019997800000055577 48000000
600 0.033022100000380306 69120000
800 0.0728226999999606 122880000
1000 0.14593539999987115 192000000
2000 0.6754853000002186 768000000
3000 2.2129610000001776 1728000000
