2 0.002858400002878625 768
5 0.00022840000019641593 4800
10 0.0014768000000913162 19200
12 0.0004321000014897436 27648
15 0.00019009999959962443 43200
20 0.0020407999982126057 76800
30 0.00047839999751886353 172800
40 0.00015519999942625873 307200
45 0.0005701000009139534 388800
50 0.0002682999984244816 480000
55 0.00029999999969732016 580800
60 0.00028620000011869706 691200
75 0.0005204999979468994 1080000
100 0.0014292000014393125 1920000
125 0.002078999998047948 3000000
160 0.0016024999968067277 4915200
200 0.004699500001152046 7680000
250 0.007077499998558778 12000000
350 0.01198130000193487 23520000
500 0.028069200001482386 48000000
600 0.05034130000058212 69120000
800 0.1098786000002292 122880000
1000 0.2001239000019268 192000000
2000 1.2076715000002878 768000000
5000 12.521263299997372 4800000000
10000 104.88726889999816 19200000000
