2 0.034183699999630335 768
5 0.00015219999932014616 4800
10 8.830000024317997e-05 19200
12 8.780000007391209e-05 27648
15 9.110000064538326e-05 43200
20 0.00018420000014884863 76800
30 0.00018570000065665226 172800
40 0.00029540000014094403 307200
45 0.0003129999995508115 388800
50 0.00031409999974130187 480000
55 0.00036749999981111614 580800
60 0.0003630999999586493 691200
75 0.0004987000002074637 1080000
100 0.0006438000000343891 1920000
125 0.0009887999995044083 3000000
160 0.0012580999991769204 4915200
200 0.001990099999602535 7680000
250 0.0033068000002458575 12000000
350 0.007173500000135391 23520000
500 0.019155399999363 48000000
600 0.0335666000000856 69120000
800 0.0724238000002515 122880000
1000 0.14068950000000768 192000000
2000 0.7342375999996875 768000000
5000 9.074543800000356 4800000000
