2 0.005849799999850802 768
5 0.00016930000128922984 4800
10 0.0013342999991436955 19200
12 0.00019780000002356246 27648
15 0.00014419999934034422 43200
20 0.002568800002336502 76800
30 0.0006919000006746501 172800
40 0.00012710000009974465 307200
45 0.000625900000159163 388800
50 0.0003446000009716954 480000
55 0.00032439999995403923 580800
60 0.00020260000019334257 691200
75 0.000405700000555953 1080000
100 0.0017799999986891635 1920000
125 0.0017102999991038814 3000000
160 0.0032615999989502598 4915200
200 0.004022699999040924 7680000
250 0.007920400003058603 12000000
350 0.01205159999881289 23520000
500 0.02879449999818462 48000000
600 0.04947610000090208 69120000
800 0.10590520000187098 122880000
1000 0.1929414000005636 192000000
2000 0.915730299999268 768000000
5000 11.516008299997338 4800000000
10000 110.17401670000254 19200000000
