2 0.00012250000054336851 768
5 5.1899999562010635e-05 4800
10 5.0999999984924216e-05 19200
12 4.999999964638846e-05 27648
15 5.239999973127851e-05 43200
20 0.0001319999992119847 76800
30 0.00010910000037256395 172800
40 0.00024730000041017774 307200
45 0.0002934000003733672 388800
50 0.00031490000037592836 480000
55 0.00036110000019107247 580800
60 0.0003845000001092558 691200
75 0.0005074000000604428 1080000
100 0.0006950999995751772 1920000
125 0.0010337000003346475 3000000
160 0.0012763000004269998 4915200
200 0.0020112000001972774 7680000
250 0.003364500000316184 12000000
350 0.007537599999523081 23520000
500 0.020188100000268605 48000000
600 0.03307380000023841 69120000
800 0.0965900999999576 122880000
1000 0.155360899999323 192000000
2000 0.8292799000000741 768000000
3000 2.266378000000259 1728000000
