2 0.009413100000529084 768
5 0.0001264000002265675 4800
10 0.00010569999994913815 19200
12 0.00010889999975915998 27648
15 0.00010689999999158317 43200
20 0.00016400000004068715 76800
30 0.00017440000010537915 172800
40 0.00027859999954671366 307200
45 0.00030160000005707843 388800
50 0.00028470000052038813 480000
55 0.000376999999389227 580800
60 0.0003743999996004277 691200
75 0.0004951000000801287 1080000
100 0.0006321999999272521 1920000
125 0.0009737000000313856 3000000
160 0.0012488000002122135 4915200
200 0.002068100000542472 7680000
250 0.0033210999999937485 12000000
350 0.007255399999849033 23520000
500 0.01944550000007439 48000000
600 0.032562200000029407 69120000
800 0.07630080000035377 122880000
1000 0.14431640000020707 192000000
2000 0.749078499999996 768000000
3000 2.163305500000206 1728000000
