2 0.009527999999590975 768
5 0.0001505999998698826 4800
10 0.0001084000004993868 19200
12 8.960000013757963e-05 27648
15 9.580000005371403e-05 43200
20 0.0001695000000836444 76800
30 0.00014969999938330147 172800
40 0.000232000000323751 307200
45 0.0002981999996336526 388800
50 0.0003034999999727006 480000
55 0.00035599999955593375 580800
60 0.0003909999995812541 691200
75 0.000525000000379805 1080000
100 0.0006570999994437443 1920000
125 0.000995399999737856 3000000
160 0.001220899999680114 4915200
200 0.0019885000001522712 7680000
250 0.003292899999905785 12000000
350 0.007329999999456049 23520000
500 0.019419899999775225 48000000
600 0.034384599999611964 69120000
800 0.07347630000003846 122880000
1000 0.1401196999995591 192000000
2000 0.7552353999999468 768000000
3000 2.074697600000036 1728000000
