2 0.0056051000028674025 768
5 0.0001508999994257465 4800
10 0.0013160000016796403 19200
12 0.00030590000096708536 27648
15 0.00014820000069448724 43200
20 0.0028869000016129576 76800
30 0.0004472999971767422 172800
40 0.0001584999990882352 307200
45 0.00068710000050487 388800
50 0.00031709999893791974 480000
55 0.0003403000009711832 580800
60 0.0002462999982526526 691200
75 0.00044720000005327165 1080000
100 0.0015142000011110213 1920000
125 0.001872100001492072 3000000
160 0.0036142999997537117 4915200
200 0.004513899999437854 7680000
250 0.00706730000092648 12000000
350 0.011159800000314135 23520000
500 0.02811650000148802 48000000
600 0.049382599998352816 69120000
800 0.10592980000001262 122880000
1000 0.20148499999777414 192000000
2000 1.1438276000008045 768000000
5000 12.607686600000306 4800000000
10000 106.26137100000051 19200000000
