2 0.009492600000157836 768
5 0.0001320000001214794 4800
10 0.00010999999994965037 19200
12 9.030000001075678e-05 27648
15 9.260000024369219e-05 43200
20 0.00016930000037973514 76800
30 0.00019659999998111743 172800
40 0.00028959999963262817 307200
45 0.0002996000002895016 388800
50 0.00031089999993128004 480000
55 0.00036809999983233865 580800
60 0.000378400000045076 691200
75 0.0005118999997648643 1080000
100 0.001095300000088173 1920000
125 0.000995100000181992 3000000
160 0.0012533999997685896 4915200
200 0.0019276999992143828 7680000
250 0.003397600000425882 12000000
350 0.007169200000134879 23520000
500 0.019368700000086392 48000000
600 0.034208699999908276 69120000
800 0.07496979999996256 122880000
1000 0.13644969999950263 192000000
2000 0.6789923999995153 768000000
3000 2.167261600000529 1728000000
