2 9.240000144927762e-05 768
5 3.300000025774352e-05 4800
10 0.001341299997875467 19200
12 4.479999915929511e-05 27648
15 5.030000102124177e-05 43200
20 0.002821999998559477 76800
30 0.00011340000128257088 172800
40 9.32000002649147e-05 307200
45 0.0005302000026858877 388800
50 0.00013199999739299528 480000
55 0.0001520000005257316 580800
60 0.00014240000018617138 691200
75 0.0002849000011337921 1080000
100 0.0003456999984337017 1920000
125 0.0005526999993890058 3000000
160 0.0036370000016177073 4915200
200 0.0015208000004349742 7680000
250 0.002677100001164945 12000000
350 0.008233100001234561 23520000
500 0.024694399999134475 48000000
600 0.03027250000013737 69120000
800 0.08276249999835272 122880000
1000 0.17680490000202553 192000000
2000 0.9540459999989253 768000000
5000 15.230750300001091 4800000000
10000 103.19461410000076 19200000000
