2 0.0005263000002742046 768
5 5.330000021785963e-05 4800
10 5.850000070495298e-05 19200
12 5.199999941396527e-05 27648
15 0.00013840000065101776 43200
20 0.0014449999998760177 76800
30 0.0005501999994521611 172800
40 0.0007009999999354477 307200
45 0.0007635000001755543 388800
50 0.0007127000008040341 480000
55 0.0007485999994969461 580800
60 0.0005373999993025791 691200
75 0.0011041000007026014 1080000
100 0.0012191000005259411 1920000
125 0.0014774999999644933 3000000
160 0.002405000000180735 4915200
200 0.003459599999587226 7680000
250 0.005516999999599648 12000000
350 0.037220000000161235 23520000
500 0.020908099999360275 48000000
600 0.036969699999644945 69120000
800 0.10935090000020864 122880000
1000 0.15121049999925162 192000000
2000 0.9505548000006456 768000000
5000 9.04174779999994 4800000000
