2 0.006875999999465421 768
5 0.00011749999976018444 4800
10 0.00215829999797279 19200
12 0.0010599000015645288 27648
15 0.00016510000205016695 43200
20 0.0030162000002746936 76800
30 0.0002666000000317581 172800
40 0.00010629999815137126 307200
45 0.0007134999978006817 388800
50 0.00014730000111740083 480000
55 0.00016390000018873252 580800
60 0.00018530000306782313 691200
75 0.0004001000015705358 1080000
100 0.002936600001703482 1920000
125 0.0016869999999471474 3000000
160 0.003197000001819106 4915200
200 0.004449700001714518 7680000
250 0.006675100001302781 12000000
350 0.01365309999891906 23520000
500 0.03919289999976172 48000000
600 0.04032379999989644 69120000
800 0.08951340000203345 122880000
1000 0.15104209999844898 192000000
2000 0.936310199998843 768000000
5000 14.59993889999896 4800000000
10000 99.9256443000013 19200000000
