2 0.0024052999979176093 768
5 0.00016119999781949446 4800
10 0.0019634000018413644 19200
12 0.0002663000013853889 27648
15 0.00021429999833344482 43200
20 0.002156700000341516 76800
30 0.0002655000025697518 172800
40 0.0002229999990959186 307200
45 0.0006670000002486631 388800
50 0.00032220000139204785 480000
55 0.0003266000021540094 580800
60 0.00030980000155977905 691200
75 0.0005299000004015397 1080000
100 0.0015673000016249716 1920000
125 0.0018214000010630116 3000000
160 0.00155810000069323 4915200
200 0.005649399998219451 7680000
250 0.009524900000542402 12000000
350 0.012552600001072278 23520000
500 0.032349400000384776 48000000
600 0.05491439999968861 69120000
800 0.12311630000112928 122880000
1000 0.20138450000013108 192000000
2000 1.0981773999992583 768000000
5000 15.00134220000109 4800000000
10000 107.28891659999863 19200000000
