2 0.012138600000071165 768
5 0.00014989999999670545 4800
10 8.870000056049321e-05 19200
12 8.749999960855348e-05 27648
15 9.200000022246968e-05 43200
20 0.00016800000048533548 76800
30 0.00019320000046718633 172800
40 0.0003121999998256797 307200
45 0.0003385999998499756 388800
50 0.00036439999985304894 480000
55 0.00037850000080652535 580800
60 0.00037429999974847306 691200
75 0.0005098000001453329 1080000
100 0.0006198000000949833 1920000
125 0.000986199999715609 3000000
160 0.0012301999995543156 4915200
200 0.001996599999984028 7680000
250 0.0032202000002143905 12000000
350 0.007282300000042596 23520000
500 0.02009710000038467 48000000
600 0.03371979999974428 69120000
800 0.07318940000004659 122880000
1000 0.14255640000010317 192000000
2000 0.7030908999995518 768000000
3000 2.233203300000241 1728000000
