2 0.011277500000687724 768
5 0.0002069000001938548 4800
10 8.900000011635711e-05 19200
12 9.180000051856041e-05 27648
15 0.0001081000000340282 43200
20 0.0001706000002741348 76800
30 0.00019599999995989492 172800
40 0.00028480000037234277 307200
45 0.00032929999997577397 388800
50 0.000320099999953527 480000
55 0.0003650999997262261 580800
60 0.0003417999996599974 691200
75 0.0005102000004626461 1080000
100 0.0006434999995690305 1920000
125 0.0009581000003890949 3000000
160 0.0012274999999135616 4915200
200 0.0019860000002154266 7680000
250 0.0033100000000558794 12000000
350 0.0073921000002883375 23520000
500 0.01910669999961101 48000000
600 0.03354589999980817 69120000
800 0.07419430000027205 122880000
1000 0.13889579999977286 192000000
2000 0.6907373000003645 768000000
3000 2.027422499999375 1728000000
