2 0.012170800000603776 768
5 0.0001474999999118154 4800
10 8.729999990464421e-05 19200
12 8.690000049682567e-05 27648
15 8.299999990413198e-05 43200
20 0.000147800000377174 76800
30 0.00016770000001997687 172800
40 0.0002673999997568899 307200
45 0.0003026000003956142 388800
50 0.0003125000002910383 480000
55 0.0003636999999798718 580800
60 0.0003801000002567889 691200
75 0.0004839000002903049 1080000
100 0.000693400000272959 1920000
125 0.0009834999991653604 3000000
160 0.0013687999999092426 4915200
200 0.0020956000007572584 7680000
250 0.0033049000003302353 12000000
350 0.007198100000096019 23520000
500 0.020015300000522984 48000000
600 0.03339400000004389 69120000
800 0.07223030000022845 122880000
1000 0.14113850000012462 192000000
2000 0.6442047000000457 768000000
3000 2.2093464999998105 1728000000
