2 0.01153359999989334 768
5 0.00013190000026952475 4800
10 9.580000005371403e-05 19200
12 9.920000047713984e-05 27648
15 8.35999999253545e-05 43200
20 0.00015009999970061472 76800
30 0.00016760000016802223 172800
40 0.00026419999994686805 307200
45 0.0002840999995896709 388800
50 0.0003093999994234764 480000
55 0.00037309999970602803 580800
60 0.00038129999938973924 691200
75 0.000487299999804236 1080000
100 0.0008549000003768015 1920000
125 0.0011203999993085745 3000000
160 0.001291000000492204 4915200
200 0.0021917000003668363 7680000
250 0.0032816000002640067 12000000
350 0.007607599999573722 23520000
500 0.01959999999962747 48000000
600 0.03390510000008362 69120000
800 0.07293420000041806 122880000
1000 0.1379655000000639 192000000
2000 0.6737102999995841 768000000
3000 2.2131405000000086 1728000000
