2 0.0068151999985275324 768
5 0.00013380000018514693 4800
10 0.002017300001170952 19200
12 0.0001633000028959941 27648
15 0.00014849999934085645 43200
20 0.002280700002302183 76800
30 0.0003361999988555908 172800
40 0.00017300000035902485 307200
45 0.0006360000006679911 388800
50 0.00026330000036978163 480000
55 0.0016388000003644265 580800
60 0.00027150000096298754 691200
75 0.0009600000012142118 1080000
100 0.0015897999983280897 1920000
125 0.0014439999977184925 3000000
160 0.0012941999993927311 4915200
200 0.0032329000023310073 7680000
250 0.007515899997088127 12000000
350 0.010070800002722535 23520000
500 0.02880880000157049 48000000
600 0.07912090000172611 69120000
800 0.10111300000062329 122880000
1000 0.18706580000070971 192000000
2000 1.1524211000032665 768000000
5000 12.432177700000466 4800000000
10000 101.00488229999974 19200000000
