2 0.03414729999985866 768
5 0.00015160000020841835 4800
10 0.00011249999988649506 19200
12 0.00012040000001434237 27648
15 9.439999939786503e-05 43200
20 0.00015939999957481632 76800
30 0.0001578999999765074 172800
40 0.0029711999995925 307200
45 0.0003052000001844135 388800
50 0.0003090999998676125 480000
55 0.00034470000082365004 580800
60 0.00037960000008752104 691200
75 0.0005063999997219071 1080000
100 0.0006506999998237006 1920000
125 0.0009192999996230355 3000000
160 0.0012515000007624622 4915200
200 0.002011300000049232 7680000
250 0.003260499999669264 12000000
350 0.03848999999991065 23520000
500 0.019581300000027113 48000000
600 0.034192900000562076 69120000
800 0.07770600000003469 122880000
1000 0.1763276000001497 192000000
2000 0.695252900000014 768000000
5000 9.150849999999991 4800000000
