2 0.02023060000010446 768
5 0.00012860000060754828 4800
10 7.660000028408831e-05 19200
12 7.559999994555255e-05 27648
15 7.869999990361976e-05 43200
20 0.00016309999955410603 76800
30 0.00016320000031555537 172800
40 0.0025653000002421322 307200
45 0.001676900000347814 388800
50 0.0003381000005902024 480000
55 0.00034759999925881857 580800
60 0.0003817999995590071 691200
75 0.0005048000002716435 1080000
100 0.0006134000004749396 1920000
125 0.0010019999999713036 3000000
160 0.0012307000006330782 4915200
200 0.001910400000269874 7680000
250 0.0032039999996413826 12000000
350 0.007364199999756238 23520000
500 0.019219499999962864 48000000
600 0.03380689999994502 69120000
800 0.07276579999961541 122880000
1000 0.14073009999992792 192000000
2000 0.6887471000000005 768000000
5000 9.43523069999992 4800000000
