2 0.030186899999534944 768
5 0.00013029999990976648 4800
10 7.809999988239724e-05 19200
12 7.449999975506216e-05 27648
15 9.520000003249152e-05 43200
20 0.00018710000040300656 76800
30 0.00019009999959962443 172800
40 0.00032279999959428096 307200
45 0.0002905000001192093 388800
50 0.00030950000018492574 480000
55 0.0003310000001874869 580800
60 0.0004061999998157262 691200
75 0.0005353000005925423 1080000
100 0.0008888000002116314 1920000
125 0.0011876999997184612 3000000
160 0.001301199999943492 4915200
200 0.00197180000031949 7680000
250 0.0032765999994808226 12000000
350 0.007260700000188081 23520000
500 0.01907960000062303 48000000
600 0.033920700000635406 69120000
800 0.07470629999988887 122880000
1000 0.13841529999990598 192000000
2000 0.7256928000006155 768000000
5000 9.093585800000255 4800000000
