2 0.009756800001923693 768
5 0.00038530000165337697 4800
10 0.008124100000713952 19200
12 0.0004900000021734741 27648
15 0.00014710000323248096 43200
20 0.006943599997612182 76800
30 0.0030373999979929067 172800
40 0.00013810000018565916 307200
45 0.0003828000008070376 388800
50 0.0001556999995955266 480000
55 0.0001658000001043547 580800
60 0.00016010000035748817 691200
75 0.000550900000234833 1080000
100 0.0032715999986976385 1920000
125 0.0017169000020658132 3000000
160 0.009662800002843142 4915200
200 0.0053919999991194345 7680000
250 0.006179699998028809 12000000
350 0.01095290000012028 23520000
500 0.03628709999975399 48000000
600 0.049419200000556884 69120000
800 0.11102309999841964 122880000
1000 0.202712900001643 192000000
2000 1.2076334999983374 768000000
5000 15.907299400001648 4800000000
10000 116.81456790000084 19200000000
