2 0.018666099999791186 768
5 9.959999988495838e-05 4800
10 5.559999954130035e-05 19200
12 5.560000045079505e-05 27648
15 5.609999971056823e-05 43200
20 0.00011999999969702912 76800
30 0.00011720000020432053 172800
40 0.00022470000021712622 307200
45 0.00028699999984382885 388800
50 0.0002843000002030749 480000
55 0.0003604000003178953 580800
60 0.0004195000001345761 691200
75 0.0005093999998280196 1080000
100 0.0006291999998211395 1920000
125 0.0009531000005154056 3000000
160 0.0012660000002142624 4915200
200 0.0019151999995301594 7680000
250 0.0032848000000740285 12000000
350 0.007225299999845447 23520000
500 0.019188100000064878 48000000
600 0.03290180000021792 69120000
800 0.07185260000005655 122880000
1000 0.14068950000000768 192000000
2000 0.7340406000002986 768000000
5000 9.125768599999901 4800000000
