2 0.009545500000967877 768
5 0.0006380000013450626 4800
10 0.008120700000290526 19200
12 0.0001602000011189375 27648
15 0.0001235999989148695 43200
20 0.005316299997502938 76800
30 0.002449199997499818 172800
40 0.00011140000060549937 307200
45 0.00013490000128513202 388800
50 0.00014459999874816276 480000
55 0.00016390000018873252 580800
60 0.00016060000052675605 691200
75 0.0003880000003846362 1080000
100 0.0016359000001102686 1920000
125 0.001712100001896033 3000000
160 0.008729900000616908 4915200
200 0.0045706000018981285 7680000
250 0.006740700002410449 12000000
350 0.010029100001702318 23520000
500 0.030614399998739827 48000000
600 0.04719629999817698 69120000
800 0.1064630999971996 122880000
1000 0.1668786000009277 192000000
2000 0.9756931000010809 768000000
5000 14.737700200003019 4800000000
10000 106.41630599999917 19200000000
