2 0.015831399999115092 192
5 0.00013900000067224028 1200
10 9.039999986271141e-05 4800
12 8.520000028511276e-05 6912
15 8.81000005392707e-05 10800
20 0.00014970000029279618 19200
30 0.0001685999995970633 43200
40 0.00026700000034907134 76800
45 0.0002928000003521447 97200
50 0.0003079999996771221 120000
55 0.00033320000056846766 145200
60 0.00036110000019107247 172800
75 0.00046290000045701163 270000
100 0.002151900000171736 480000
125 0.0009774000000106753 750000
160 0.0016550000000279397 1228800
200 0.0016384000000471133 1920000
250 0.0025389000002178364 3000000
350 0.005380399999921792 5880000
500 0.012237099999765633 12000000
600 0.01829619999989518 17280000
800 0.04082319999997708 30720000
1000 0.07345270000041637 48000000
2000 0.40268920000016806 192000000
5000 4.867826400000013 1200000000
