2 0.06554700000015146 192
5 0.00037320000001273 1200
10 0.00017740000021149172 4800
12 0.00030689999994137906 6912
15 0.0004205000000183645 10800
20 0.001109099999666796 19200
30 0.0002722999997786246 43200
40 0.0003857999995489081 76800
45 0.0010360000001128356 97200
50 0.00045399999999062857 120000
55 0.0004987000002074637 145200
60 0.0005653999996866332 172800
75 0.001169099999970058 270000
100 0.0011118000002170447 480000
125 0.0009466000001339125 750000
160 0.0010966999998345273 1228800
200 0.0016803000003164925 1920000
250 0.007394300000214571 3000000
350 0.00609649999978501 5880000
500 0.013312199999745644 12000000
600 0.019016300000203046 17280000
800 0.0462323000001561 30720000
1000 0.07672330000013972 48000000
2000 0.5240678000000116 192000000
5000 5.899374999999964 1200000000
10000 38.034128899999814 4800000000
