2 0.004135099999984959 192
5 0.0005587999999079329 1200
10 0.0001046000002133951 4800
12 0.0005375000000640284 6912
15 0.00013560000024881447 10800
20 0.01095420000001468 19200
30 0.0013672999998561863 43200
40 0.0021198999997977808 76800
45 0.0004007000002275163 97200
50 0.000398000000132015 120000
55 0.000699700000041048 145200
60 0.00037710000015067635 172800
75 0.004453800000192132 270000
100 0.0010263999997732753 480000
125 0.0009731000000101631 750000
160 0.00880830000005517 1228800
200 0.0015014000000519445 1920000
250 0.0026875999997173494 3000000
350 0.006075800000417075 5880000
500 0.01270780000004379 12000000
600 0.019208800000342308 17280000
800 0.07812749999993684 30720000
1000 0.07888639999964653 48000000
2000 0.5329695000000356 192000000
5000 5.102746399999887 1200000000
10000 39.55331079999996 4800000000
