2 0.00015900000016699778 192
5 8.25000006443588e-05 1200
10 7.809999988239724e-05 4800
12 7.300000015675323e-05 6912
15 0.00012320000041654566 10800
20 0.0001933999992616009 19200
30 0.00017589999970368808 43200
40 0.001999699999942095 76800
45 0.0003324999997857958 97200
50 0.000325400000292575 120000
55 0.00036129999989498174 145200
60 0.0004502000001593842 172800
75 0.0005731999999625259 270000
100 0.0006824000001870445 480000
125 0.0017164000000775559 750000
160 0.0010633000001689652 1228800
200 0.0016428999997515348 1920000
250 0.0027348000003257766 3000000
350 0.005285199999889301 5880000
500 0.012801799999579089 12000000
600 0.020442900000489317 17280000
800 0.04126009999981761 30720000
1000 0.09729309999966063 48000000
2000 0.7065230999996857 192000000
5000 6.7630572000007305 1200000000
