2 0.058309700000336306 192
5 0.0002761000000646163 1200
10 7.709999999860884e-05 4800
12 8.900000011635711e-05 6912
15 8.600000001024455e-05 10800
20 0.0014522999999826425 19200
30 0.00013889999991079094 43200
40 0.0019674999998642306 76800
45 0.0021206000001257053 97200
50 0.0013979000000290398 120000
55 0.0015217000000120606 145200
60 0.0003867000000354892 172800
75 0.0012507999999797903 270000
100 0.012718100000256527 480000
125 0.0013441000000966596 750000
160 0.0011282999998911691 1228800
200 0.0014744000000064261 1920000
250 0.003053899999940768 3000000
350 0.0061074999998709245 5880000
500 0.015038600000025326 12000000
600 0.01845480000019961 17280000
800 0.04149540000025809 30720000
1000 0.07334179999998014 48000000
2000 0.47541580000006434 192000000
5000 5.3613272000002326 1200000000
10000 38.29132389999995 4800000000
