2 0.06341219999967507 192
5 0.00021630000037475838 1200
10 0.00029469999981301953 4800
12 0.0002129999998032872 6912
15 0.00027210000007471535 10800
20 0.0005160000000614673 19200
30 0.000375899999653484 43200
40 0.0006272000000535627 76800
45 0.0006409000002349785 97200
50 0.00109119999979157 120000
55 0.0005937999999332533 145200
60 0.0005975999997644976 172800
75 0.0010870000000977598 270000
100 0.002070100000310049 480000
125 0.0017793000001802284 750000
160 0.003611200000250392 1228800
200 0.004818200000045181 1920000
250 0.006502400000044872 3000000
350 0.0077664000000368105 5880000
500 0.01496629999974175 12000000
600 0.024488300000029994 17280000
800 0.04458489999979065 30720000
1000 0.08474989999967875 48000000
2000 0.5102060999997775 192000000
5000 6.239012200000161 1200000000
10000 38.553595000000314 4800000000
