2 0.04135099999984959 192
5 0.00043480000022100285 1200
10 0.00026320000006307964 4800
12 0.0002382000002398854 6912
15 0.00024660000008225325 10800
20 0.0012102999999115127 19200
30 0.0003455000000940345 43200
40 0.0006310999997367617 76800
45 0.00037389999988590716 97200
50 0.0004069999999956053 120000
55 0.0005362000001696288 145200
60 0.0003720999998222396 172800
75 0.0032283999998981017 270000
100 0.0009844999999586435 480000
125 0.0009780000000318978 750000
160 0.0012259000000085507 1228800
200 0.001473300000270683 1920000
250 0.002593199999864737 3000000
350 0.006361000000197237 5880000
500 0.019678900000144495 12000000
600 0.018775900000036927 17280000
800 0.04032870000037292 30720000
1000 0.07285840000031385 48000000
2000 0.46739919999981794 192000000
5000 5.095604400000411 1200000000
10000 39.06016040000031 4800000000
