2 0.013141299999915645 192
5 0.0001534000002720859 1200
10 0.0001171000003523659 4800
12 0.00010100000054080738 6912
15 9.559999944031006e-05 10800
20 0.00015760000042064348 19200
30 0.00015970000004017493 43200
40 0.0008584999995946418 76800
45 0.0003105000005234615 97200
50 0.00031860000035521807 120000
55 0.0003411999996387749 145200
60 0.0003919000000678352 172800
75 0.00047139999969658675 270000
100 0.0005748999992647441 480000
125 0.000923999999940861 750000
160 0.0009884999999485444 1228800
200 0.0015781000001879875 1920000
250 0.0025725000004968024 3000000
350 0.005395000000135042 5880000
500 0.012252300000000105 12000000
600 0.018788299999869196 17280000
800 0.042701600000327744 30720000
1000 0.12616429999980028 48000000
2000 0.6235540999996374 192000000
5000 4.993610199999239 1200000000
