2 0.04944270000032702 192
5 0.0003092000001743145 1200
10 0.00011730000005627517 4800
12 0.00011419999964346061 6912
15 0.00011439999980211724 10800
20 0.000877199999649747 19200
30 0.00020640000002458692 43200
40 0.0003042999996978324 76800
45 0.0004484999999476713 97200
50 0.0015401999999085092 120000
55 0.0003765999999814085 145200
60 0.0005473999999594525 172800
75 0.0009216999997079256 270000
100 0.0009570000001986045 480000
125 0.0009256000003006193 750000
160 0.0011082999999416643 1228800
200 0.001529600000139908 1920000
250 0.0025996999997914827 3000000
350 0.005889399999887246 5880000
500 0.012855599999966216 12000000
600 0.018803099999786355 17280000
800 0.04033800000024712 30720000
1000 0.07545560000016849 48000000
2000 0.4595601999999417 192000000
5000 4.695543400000133 1200000000
10000 39.39512740000009 4800000000
