2 0.016763100000389386 192
5 0.00016870000035851263 1200
10 7.80000000304426e-05 4800
12 6.519999988086056e-05 6912
15 6.73000004098867e-05 10800
20 0.0002069000001938548 19200
30 0.0001235999998243642 43200
40 0.0002392999995208811 76800
45 0.0003071999999519903 97200
50 0.00031120000039663864 120000
55 0.0003268999998908839 145200
60 0.00036129999989498174 172800
75 0.000476899999739544 270000
100 0.0006282000003920984 480000
125 0.0010000000002037268 750000
160 0.0010232999993604608 1228800
200 0.0015423999993799953 1920000
250 0.002566600000136532 3000000
350 0.005720400000427617 5880000
500 0.012127400000281341 12000000
600 0.01913059999969846 17280000
800 0.044151499999316 30720000
1000 0.07369629999993776 48000000
2000 0.45331309999983205 192000000
5000 4.9773488999999245 1200000000
