2 0.0141142000002219 192
5 0.00013979999948787736 1200
10 7.62999998187297e-05 4800
12 6.409999969037017e-05 6912
15 6.450000000768341e-05 10800
20 0.0001680999994277954 19200
30 0.00017750000006344635 43200
40 0.0002716999997574021 76800
45 0.0002800999991450226 97200
50 0.0002994999995280523 120000
55 0.0003417999996599974 145200
60 0.0003462999993644189 172800
75 0.0010933000003205962 270000
100 0.0006387000003087451 480000
125 0.000854300000355579 750000
160 0.0010474999999132706 1228800
200 0.007243699999889941 1920000
250 0.0025676000004750676 3000000
350 0.005414299999756622 5880000
500 0.012432900000021618 12000000
600 0.018940499999189342 17280000
800 0.04007110000020475 30720000
1000 0.0721865000004982 48000000
2000 0.4259825999997702 192000000
5000 4.790367300000071 1200000000
