2 0.015870600000198465 192
5 0.00015700000039942097 1200
10 0.00013519999993150122 4800
12 0.0001266999997824314 6912
15 0.00011059999997087289 10800
20 0.0001756999999997788 19200
30 0.0002221000004283269 43200
40 0.00030609999976149993 76800
45 0.00028190000011818483 97200
50 0.000316200000270328 120000
55 0.00034140000025217887 145200
60 0.000357599999915692 172800
75 0.00046100000054138945 270000
100 0.0006354999995892285 480000
125 0.002158600000257138 750000
160 0.000988399999187095 1228800
200 0.0015664000002288958 1920000
250 0.002567000000453845 3000000
350 0.005078199999843491 5880000
500 0.012460599999940314 12000000
600 0.01841260000037437 17280000
800 0.039813800000047195 30720000
1000 0.07243130000006204 48000000
2000 0.4340579000008802 192000000
5000 4.65872279999985 1200000000
