2 0.013245700000879879 192
5 0.0001489000005676644 1200
10 9.059999956662068e-05 4800
12 9.940000018104911e-05 6912
15 0.00012450000031094532 10800
20 0.00015530000018770806 19200
30 0.0001936999997269595 43200
40 0.0002793000003293855 76800
45 0.0003390000001672888 97200
50 0.000304600000163191 120000
55 0.00032419999934063526 145200
60 0.0003378999999767984 172800
75 0.020621700000447163 270000
100 0.0006342999995467835 480000
125 0.014175199999954202 750000
160 0.0011280999997325125 1228800
200 0.001598099999682745 1920000
250 0.0024365999997826293 3000000
350 0.00523689999954513 5880000
500 0.012160600000242994 12000000
600 0.02017100000011851 17280000
800 0.5022390999993149 30720000
1000 0.07607240000015736 48000000
2000 0.4865757000006852 192000000
5000 6.44528900000023 1200000000
