2 0.01701370000046154 192
5 0.00016279999999824213 1200
10 0.0001326000001427019 4800
12 0.00011919999997189734 6912
15 0.00010959999963233713 10800
20 0.00013380000018514693 19200
30 0.00018650000038178405 43200
40 0.0002979000000777887 76800
45 0.0002862999999706517 97200
50 0.00037060000067867804 120000
55 0.0003511000004436937 145200
60 0.0004169000003457768 172800
75 0.0005435000002762536 270000
100 0.0006316999997579842 480000
125 0.0008090000001175213 750000
160 0.0009725999998408952 1228800
200 0.0014861999998174724 1920000
250 0.002569000000221422 3000000
350 0.0054388999997172505 5880000
500 0.012060500000188767 12000000
600 0.019009599999662896 17280000
800 0.06113069999992149 30720000
1000 0.07336040000063804 48000000
2000 0.4337812000003396 192000000
5000 4.68839300000036 1200000000
