2 0.04683470000009038 192
5 0.00033699999994496466 1200
10 0.0007252000000335102 4800
12 0.0003649000000223168 6912
15 0.0003266999997322273 10800
20 0.001136299999870971 19200
30 0.000519700000040757 43200
40 0.0022080999997342587 76800
45 0.00042600000006132177 97200
50 0.0012900000001536682 120000
55 0.00040780000017548446 145200
60 0.0009088000001611363 172800
75 0.0012521000003289373 270000
100 0.0009926000002451474 480000
125 0.0008575000001656008 750000
160 0.003956000000016502 1228800
200 0.0018111999997927342 1920000
250 0.0029865999999856285 3000000
350 0.013274899999942136 5880000
500 0.01276800000005096 12000000
600 0.019189300000107323 17280000
800 0.04048030000012659 30720000
1000 0.07766480000009324 48000000
2000 0.46780610000041634 192000000
5000 4.768834900000002 1200000000
10000 40.941460400000324 4800000000
