2 0.016582499999458378 192
5 0.0001650000003792229 1200
10 0.00010600000041449675 4800
12 0.00010409999958937988 6912
15 0.00010449999990669312 10800
20 0.00017730000035953708 19200
30 0.0001950999994733138 43200
40 0.0002974999997604755 76800
45 0.00027689999933500076 97200
50 0.0003085000007558847 120000
55 0.00032360000022890745 145200
60 0.00036290000025474 172800
75 0.00046919999931560596 270000
100 0.0006214000004547415 480000
125 0.0008686000001034699 750000
160 0.0010089999996125698 1228800
200 0.0015517000001636916 1920000
250 0.002404700000624871 3000000
350 0.005382299999837414 5880000
500 0.012396899999657762 12000000
600 0.018867199999476725 17280000
800 0.04026669999984733 30720000
1000 0.07248749999962456 48000000
2000 0.41692330000023503 192000000
5000 4.617018500000086 1200000000
