2 0.06550740000011501 192
5 0.00063510000018141 1200
10 0.00033190000021932065 4800
12 0.00020589999985531904 6912
15 0.0002465999996275059 10800
20 0.0012765999999828637 19200
30 0.0004059000002598623 43200
40 0.002504999999928259 76800
45 0.0024842999996508297 97200
50 0.0005968000000393658 120000
55 0.0005291000002216606 145200
60 0.00044279999974605744 172800
75 0.0014818999998169602 270000
100 0.0026542000000517874 480000
125 0.0009907999997267325 750000
160 0.0011730000001080043 1228800
200 0.0019308999999338994 1920000
250 0.006994300000314979 3000000
350 0.02633090000017546 5880000
500 0.01734870000018418 12000000
600 0.019224300000132644 17280000
800 0.05436429999963366 30720000
1000 0.07984870000018418 48000000
2000 0.4414182000000437 192000000
5000 5.951176399999895 1200000000
10000 38.52774069999987 4800000000
