2 0.0166215999997803 192
5 0.00016520000008313218 1200
10 0.00010170000041398453 4800
12 0.00011070000073232222 6912
15 0.00010509999992791563 10800
20 0.0001796000005924725 19200
30 0.00019460000021354062 43200
40 0.0007546999995611259 76800
45 0.0003056999994441867 97200
50 0.00030450000031123636 120000
55 0.00034479999976611 145200
60 0.00035369999932299834 172800
75 0.0008654000002934481 270000
100 0.0006775000001653098 480000
125 0.0008792999997240258 750000
160 0.0009702999996079598 1228800
200 0.0015688999992562458 1920000
250 0.002672800000254938 3000000
350 0.005212699999901815 5880000
500 0.012665999999626365 12000000
600 0.01897949999965931 17280000
800 0.03999980000025971 30720000
1000 0.0736789000002318 48000000
2000 0.434038800000053 192000000
5000 4.662406399999782 1200000000
