2 0.047672700000020996 192
5 0.0005034000000705419 1200
10 0.00021579999975074315 4800
12 0.00020869999980277498 6912
15 0.0007915999999568157 10800
20 0.0018522000000302796 19200
30 0.00040399999988949276 43200
40 0.0008175999996637984 76800
45 0.0007640000003448222 97200
50 0.0030836999999337422 120000
55 0.0006807999998272862 145200
60 0.0006438999998863437 172800
75 0.00219260000039867 270000
100 0.0026609999999891443 480000
125 0.0021605000001727603 750000
160 0.002970100000311504 1228800
200 0.004581000000143831 1920000
250 0.006099799999901734 3000000
350 0.03952580000031958 5880000
500 0.015213800000310584 12000000
600 0.021960000000035507 17280000
800 0.04453879999982746 30720000
1000 0.0801925000000665 48000000
2000 0.5441576000002897 192000000
5000 5.456404999999904 1200000000
10000 38.65118789999997 4800000000
