2 0.04398399999990943 192
5 0.0001739999997880659 1200
10 0.0001281999998354877 4800
12 0.00011289999974906095 6912
15 0.00011649999987639603 10800
20 0.00030470000001514563 19200
30 0.00023580000015499536 43200
40 0.0008101999997052189 76800
45 0.0006726999999955297 97200
50 0.0009184999998979038 120000
55 0.0003693999997267383 145200
60 0.000766000000112399 172800
75 0.0009998000000450702 270000
100 0.0006662999999207386 480000
125 0.0015662999999221938 750000
160 0.0011155000001963344 1228800
200 0.0015131999998629908 1920000
250 0.0071406000001843495 3000000
350 0.005217200000060984 5880000
500 0.011988899999778369 12000000
600 0.019528999999693042 17280000
800 0.040971499999614025 30720000
1000 0.07311939999999595 48000000
2000 0.4654777999999169 192000000
5000 5.838863100000253 1200000000
10000 35.96658979999984 4800000000
