2 0.09944829999994909 1536
5 0.00023839999994379468 9600
10 0.00016329999994013633 38400
12 0.00024359999997614068 55296
15 0.00026340000022173626 86400
20 0.001065600000174527 153600
30 0.0003051000001050852 345600
40 0.002473900000040885 614400
45 0.0016095000000859727 777600
50 0.0012578999999277585 960000
55 0.0012913000000480679 1161600
60 0.00046679999991283694 1382400
75 0.0016264000000774104 2160000
100 0.0012065000000802684 3840000
125 0.0011038000000098691 6000000
160 0.0013309999999364663 9830400
200 0.0068047000002025015 15360000
250 0.0033303000000159955 24000000
350 0.007640799999990122 47040000
500 0.020799099999976534 96000000
600 0.034747600000173406 138240000
800 0.07984889999988809 245760000
1000 0.1374246000000312 384000000
2000 0.8671239999998761 1536000000
5000 8.75591670000017 9600000000
10000 69.48025089999987 38400000000
