2 0.00010470000052009709 1536
5 0.00038830000084999483 9600
10 0.006905999998707557 38400
12 0.0001833000005717622 55296
15 5.149999924469739e-05 86400
20 0.0052949999990232754 153600
30 0.0024028999996517086 345600
40 0.0001247000000148546 614400
45 0.00012000000060652383 777600
50 0.00012869999955000822 960000
55 0.00015279999934136868 1161600
60 0.0001441000003978843 1382400
75 0.0003025999994861195 2160000
100 0.00034140000025217887 3840000
125 0.0006250999995245365 6000000
160 0.008095299999695271 9830400
200 0.0015313000003516208 15360000
250 0.002710500000830507 24000000
350 0.007016999999905238 47040000
500 0.016692900000634836 96000000
600 0.042136599999139435 138240000
800 0.10248580000006768 245760000
1000 0.1894109999993816 384000000
2000 1.4561573999999382 1536000000
5000 15.325374300000476 9600000000
10000 106.93069189999915 38400000000
