2 0.11089059999994788 1536
5 0.0006154999998670974 9600
10 0.00032179999993786623 38400
12 0.0003008999999565276 55296
15 0.0004952999997840379 86400
20 0.001163500000075146 153600
30 0.00046019999990676297 345600
40 0.0013588000001618639 614400
45 0.002091199999995297 777600
50 0.0016087000001334673 960000
55 0.0009843999998793151 1161600
60 0.0005994999999074935 1382400
75 0.0012073000000327738 2160000
100 0.001999300000079529 3840000
125 0.0020927999999003077 6000000
160 0.003721799999993891 9830400
200 0.006139500000017506 15360000
250 0.008106899999802408 24000000
350 0.009499300000015864 47040000
500 0.023809499999970285 96000000
600 0.03824459999987084 138240000
800 0.07953019999990829 245760000
1000 0.1464230999999927 384000000
2000 0.927605500000027 1536000000
5000 10.430292700000109 9600000000
10000 73.6604619000002 38400000000
