2 0.08362310000029538 1536
5 0.00014480000027106144 9600
10 0.00021300000025803456 38400
12 0.0002724999994825339 55296
15 0.00036869999985356117 86400
20 0.0010092000002259738 153600
30 0.00030029999925318407 345600
40 0.0008697000002939603 614400
45 0.0005163000005268259 777600
50 0.0007405000005746842 960000
55 0.0010148999999728403 1161600
60 0.0004644999999072752 1382400
75 0.0006420999998226762 2160000
100 0.0013939999998910935 3840000
125 0.0015917000000627013 6000000
160 0.002065499999844178 9830400
200 0.01728689999981725 15360000
250 0.004681399999753921 24000000
350 0.00926660000004631 47040000
500 0.02320309999959136 96000000
600 0.03859340000053635 138240000
800 0.08309269999972457 245760000
1000 0.14132139999946958 384000000
2000 0.8385972000005495 1536000000
5000 9.008843900000102 9600000000
10000 69.61198950000016 38400000000
