2 0.09539979999954085 1536
5 0.00018600000021251617 9600
10 0.0004473999997571809 38400
12 0.0002735999996730243 55296
15 0.00040160000025935005 86400
20 0.0010801000007631956 153600
30 0.0003102999999100575 345600
40 0.000983500000074855 614400
45 0.0005770999996457249 777600
50 0.0004724000000351225 960000
55 0.00046269999984360766 1161600
60 0.00045540000064647757 1382400
75 0.0005837999997311272 2160000
100 0.00117709999994986 3840000
125 0.0011353999998391373 6000000
160 0.0013774000008197618 9830400
200 0.002149400000234891 15360000
250 0.0035225999999966007 24000000
350 0.008542200000192679 47040000
500 0.021612200000163284 96000000
600 0.10334160000002157 138240000
800 0.07603939999989962 245760000
1000 0.13994520000051125 384000000
2000 0.7330756999999721 1536000000
5000 10.501668400000199 9600000000
10000 67.99127529999987 38400000000
