2 0.00256100000024162 1536
5 0.00044049999996786937 9600
10 9.759999920788687e-05 38400
12 0.0001269999993382953 55296
15 0.00010879999990720535 86400
20 0.009130700000241632 153600
30 0.001768800000718329 345600
40 0.0032284999997500563 614400
45 0.0007131000002118526 777600
50 0.0007361000007222174 960000
55 0.00046939999992900994 1161600
60 0.0004312999999456224 1382400
75 0.001986199999919336 2160000
100 0.001192599999740196 3840000
125 0.0011372999997547595 6000000
160 0.0017883999998957734 9830400
200 0.002061600000160979 15360000
250 0.005121299999700568 24000000
350 0.007293800000297779 47040000
500 0.021128800000042247 96000000
600 0.03333569999995234 138240000
800 0.08121839999967051 245760000
1000 0.15544520000003104 384000000
2000 0.7465794999998252 1536000000
5000 10.101661099999546 9600000000
10000 72.4624789999998 38400000000
