2 0.004171000000496861 1536
5 6.629999916185625e-05 9600
10 0.004200499999569729 38400
12 0.00012209999840706587 55296
15 0.0001112000009015901 86400
20 0.002527399999962654 153600
30 0.0001644000003580004 345600
40 0.0001300999992963625 614400
45 0.00047760000052221585 777600
50 0.0001519999987067422 960000
55 0.000173700000232202 1161600
60 0.0002221000013378216 1382400
75 0.0003541999994922662 2160000
100 0.0005743000001530163 3840000
125 0.0011061999994126381 6000000
160 0.0031768999997439096 9830400
200 0.002448999999614898 15360000
250 0.00561559999914607 24000000
350 0.011683299999276642 47040000
500 0.026005199999417528 96000000
600 0.04505779999999504 138240000
800 0.10531970000010915 245760000
1000 0.15440940000007686 384000000
2000 0.9519167999987985 1536000000
5000 14.623251099999834 9600000000
10000 111.37313709999944 38400000000
