2 0.001706800001556985 1536
5 7.960000039020088e-05 9600
10 0.0005916999998589745 38400
12 0.0001370999998471234 55296
15 0.00011579999954847153 86400
20 0.0008415000011154916 153600
30 0.0001765000015439 345600
40 0.00024539999867556617 614400
45 0.00026480000087758526 777600
50 0.0002635000000736909 960000
55 0.00035910000042349566 1161600
60 0.0002536000010877615 1382400
75 0.000523599999723956 2160000
100 0.0006310999997367617 3840000
125 0.001115600000048289 6000000
160 0.001711899998554145 9830400
200 0.0024229999999079155 15360000
250 0.005147799998667324 24000000
350 0.009544100001221523 47040000
500 0.021817499999087886 96000000
600 0.04172140000082436 138240000
800 0.10719689999859838 245760000
1000 0.16487140000026557 384000000
2000 0.885856099999728 1536000000
5000 15.149317800000063 9600000000
10000 107.7559809000013 38400000000
