2 0.11328499999990527 1536
5 0.00014210000017556013 9600
10 0.00010210000004917674 38400
12 0.00012019999985568575 55296
15 0.00014050000004317553 86400
20 0.0010012999998707528 153600
30 0.0003311000000394415 345600
40 0.001229800000146497 614400
45 0.0007282999999915774 777600
50 0.0011101999998572865 960000
55 0.0008914000000004307 1161600
60 0.0006590999998934421 1382400
75 0.0011984999998730927 2160000
100 0.0021782000001167034 3840000
125 0.0020188999999390944 6000000
160 0.003357400000140842 9830400
200 0.005479400000012902 15360000
250 0.0071520999999847845 24000000
350 0.008548700000119425 47040000
500 0.023210800000015297 96000000
600 0.039839999999912834 138240000
800 0.08077890000004118 245760000
1000 0.14338010000005852 384000000
2000 0.9924172000000908 1536000000
5000 11.685916700000007 9600000000
10000 82.62195820000011 38400000000
