2 0.006522499999846332 1536
5 0.0007419000012305332 9600
10 0.0065288999994663754 38400
12 0.0007027999999991152 55296
15 0.0006272999999055173 86400
20 0.006188100000144914 153600
30 0.0013364999995246762 345600
40 0.00015160000111791305 614400
45 0.000766200000725803 777600
50 0.00015859999984968454 960000
55 0.0002612000007502502 1161600
60 0.00021559999913733918 1382400
75 0.0003571999986888841 2160000
100 0.000579099998503807 3840000
125 0.0011092000004282454 6000000
160 0.009258499998395564 9830400
200 0.001768899999660789 15360000
250 0.0042310999997425824 24000000
350 0.010832600000867387 47040000
500 0.027668500000800123 96000000
600 0.04553449999912118 138240000
800 0.08535409999967669 245760000
1000 0.13145090000034543 384000000
2000 0.8387762000002112 1536000000
5000 14.347830300001078 9600000000
10000 110.08240999999907 38400000000
