2 0.09062310000081197 1536
5 0.00020190000032016542 9600
10 0.0003997999992861878 38400
12 0.0002699999995456892 55296
15 0.00030020000031072414 86400
20 0.001139099999818427 153600
30 0.00039259999994101236 345600
40 0.001492100000177743 614400
45 0.0005143000007592491 777600
50 0.0008984999994936516 960000
55 0.0005938000003880006 1161600
60 0.000513199999659264 1382400
75 0.0006353999997372739 2160000
100 0.0031793999996807543 3840000
125 0.0013705000001209555 6000000
160 0.008492700000715558 9830400
200 0.0021633999995174236 15360000
250 0.00363160000051721 24000000
350 0.00843540000005305 47040000
500 0.023307499999646097 96000000
600 0.03554359999998269 138240000
800 0.08130100000016682 245760000
1000 0.13920779999989463 384000000
2000 0.8729165000004286 1536000000
5000 8.448280800000248 9600000000
10000 66.75581289999991 38400000000
