2 0.009476399998675333 1536
5 0.00023130000045057386 9600
10 0.0017413999994460028 38400
12 0.0008443999995506601 55296
15 0.0006505999990622513 86400
20 0.0034367999996902654 153600
30 0.0007279000001290115 345600
40 0.00029290000020409934 614400
45 0.0004890000000159489 777600
50 0.00015039999925647862 960000
55 0.0005947000008745817 1161600
60 0.0001498000001447508 1382400
75 0.0006166000002849614 2160000
100 0.00039599999945494346 3840000
125 0.0007485999994969461 6000000
160 0.0036516000000119675 9830400
200 0.0027687000001606066 15360000
250 0.005316800001310185 24000000
350 0.010010699999838835 47040000
500 0.03250819999993837 96000000
600 0.04690219999974943 138240000
800 0.11144769999918935 245760000
1000 0.14255969999976514 384000000
2000 1.0293179000000237 1536000000
5000 13.074062600000616 9600000000
10000 108.67420780000066 38400000000
