2 0.09832669999991595 1536
5 0.00012029999993501406 9600
10 0.0002798999998958607 38400
12 0.00011229999995521212 55296
15 0.00023310000005949405 86400
20 0.0009136999999554973 153600
30 0.0003639000001385284 345600
40 0.0006502000001091801 614400
45 0.0027351000001090142 777600
50 0.0009387000000060652 960000
55 0.00042949999988195486 1161600
60 0.0004191999998965912 1382400
75 0.000575600000047416 2160000
100 0.0012650000001031003 3840000
125 0.0011733999999705702 6000000
160 0.0014599000000998785 9830400
200 0.0024868000000424217 15360000
250 0.004040100000111124 24000000
350 0.012818600000173319 47040000
500 0.020990600000004633 96000000
600 0.03731300000004012 138240000
800 0.07865770000012162 245760000
1000 0.139905699999872 384000000
2000 0.9467658999999458 1536000000
5000 8.927286299999878 9600000000
10000 87.3110259 38400000000
