2 0.10220240000035119 1536
5 0.00039769999966665637 9600
10 0.00014310000005934853 38400
12 0.0006060999994588201 55296
15 0.00035620000016933773 86400
20 0.001147300000411633 153600
30 0.0004222999996272847 345600
40 0.0011423000005379436 614400
45 0.000492600000143284 777600
50 0.0005633999999190564 960000
55 0.0012719999995169928 1161600
60 0.0008578000006309594 1382400
75 0.0011537999998836312 2160000
100 0.0015035999995234306 3840000
125 0.001681300000200281 6000000
160 0.0027225000003454625 9830400
200 0.0039025999994919403 15360000
250 0.0051214000004620175 24000000
350 0.00845229999958974 47040000
500 0.024724000000787782 96000000
600 0.03913060000013502 138240000
800 0.07997069999964879 245760000
1000 0.1425490000001446 384000000
2000 0.8608952000004138 1536000000
5000 9.646292899999935 9600000000
10000 70.38889329999984 38400000000
