2 0.0014498999989882577 1536
5 6.310000026132911e-05 9600
10 0.0006491000003734371 38400
12 0.00012559999959194101 55296
15 9.449999924981967e-05 86400
20 0.0018592999986140057 153600
30 0.0004939999998896383 345600
40 0.000280999998722109 614400
45 0.00021010000091337133 777600
50 0.0002721999990171753 960000
55 0.0003619999988586642 1161600
60 0.00027859999863721896 1382400
75 0.00048129999959201086 2160000
100 0.0005465000012918608 3840000
125 0.0011779999986174516 6000000
160 0.0018435000001773005 9830400
200 0.00239049999981944 15360000
250 0.004992399999537156 24000000
350 0.011743500001102802 47040000
500 0.028110299999752897 96000000
600 0.04945669999870006 138240000
800 0.10695940000005066 245760000
1000 0.18904880000081903 384000000
2000 1.2573308999999426 1536000000
5000 13.237875200000417 9600000000
10000 109.62620679999964 38400000000
