2 0.0036946000000170898 1536
5 0.0001126000006479444 9600
10 0.002328299999135197 38400
12 0.00019740000061574392 55296
15 0.00017590000061318278 86400
20 0.003202600000804523 153600
30 0.00021430000015243422 345600
40 0.00014819999887549784 614400
45 0.0005457000006572343 777600
50 0.0001630000006116461 960000
55 0.00023179999880085234 1161600
60 0.0001596000001882203 1382400
75 0.0003692999998747837 2160000
100 0.0005823000010423129 3840000
125 0.0011016999997082166 6000000
160 0.00328079999962938 9830400
200 0.0025359000010212185 15360000
250 0.005290900000545662 24000000
350 0.011990699998932541 47040000
500 0.029768499998681364 96000000
600 0.047224899999491754 138240000
800 0.10607879999952274 245760000
1000 0.18548910000026808 384000000
2000 1.158894700000019 1536000000
5000 12.589446199999657 9600000000
10000 108.78354880000006 38400000000
