2 0.1100682000001143 1536
5 0.00016709999999875436 9600
10 0.0002779999999802385 38400
12 0.00024930000017775455 55296
15 0.00027819999991152145 86400
20 0.0009426999999959662 153600
30 0.0003933999998935178 345600
40 0.0021174999999402644 614400
45 0.0008691000000453641 777600
50 0.0006089999999403517 960000
55 0.0004934999999477441 1161600
60 0.0008522999999058811 1382400
75 0.0026680999999371124 2160000
100 0.0019019999999727588 3840000
125 0.00196460000006482 6000000
160 0.003317899999956353 9830400
200 0.00490559999980178 15360000
250 0.00355360000003202 24000000
350 0.009449999999787906 47040000
500 0.02316900000005262 96000000
600 0.03715890000012223 138240000
800 0.07583139999997002 245760000
1000 0.1497861999998804 384000000
2000 0.9711213999999018 1536000000
5000 9.29246749999993 9600000000
10000 67.63730020000003 38400000000
