2 0.10868589999995493 1536
5 0.0001864999999270367 9600
10 0.0002848000001449691 38400
12 0.00019810000003417372 55296
15 0.00023720000012872333 86400
20 0.0016524000000117667 153600
30 0.0005195999999614287 345600
40 0.0012836999999308318 614400
45 0.0015038000001368346 777600
50 0.0008577000000968837 960000
55 0.0010527999997975712 1161600
60 0.000637599999890881 1382400
75 0.0014008999999077787 2160000
100 0.0024544000000332744 3840000
125 0.001958899999863206 6000000
160 0.0033422000001337437 9830400
200 0.00586669999984224 15360000
250 0.0036043999998582876 24000000
350 0.010159599999951752 47040000
500 0.02090320000002066 96000000
600 0.04098429999999098 138240000
800 0.08854020000012497 245760000
1000 0.21105549999992945 384000000
2000 1.0112504000001081 1536000000
5000 13.959432200000037 9600000000
10000 82.91440710000006 38400000000
