2 0.08217350000086299 1536
5 0.0001326000001427019 9600
10 0.00037450000036187703 38400
12 0.0002843000002030749 55296
15 0.00024299999950017082 86400
20 0.0010116000003108638 153600
30 0.0003096000000368804 345600
40 0.0009919999993144302 614400
45 0.0008520000001226435 777600
50 0.0003770000002987217 960000
55 0.00045990000035089906 1161600
60 0.00044020000041200547 1382400
75 0.0006456000000980566 2160000
100 0.001290500000322936 3840000
125 0.0013183000000935863 6000000
160 0.0013908000000810716 9830400
200 0.0020988000005672802 15360000
250 0.003926899999896705 24000000
350 0.009028200000102515 47040000
500 0.021920700000009674 96000000
600 0.03713199999947392 138240000
800 0.08162720000018453 245760000
1000 0.1432278000002043 384000000
2000 0.8426722999993217 1536000000
5000 9.334100600000056 9600000000
10000 68.75315769999997 38400000000
