2 0.09991029999946477 1536
5 0.0006554999999934807 9600
10 0.00032170000031328527 38400
12 0.0002612999996927101 55296
15 0.0003071999999519903 86400
20 0.0016273000001092441 153600
30 0.00033770000027288916 345600
40 0.0003987000000051921 614400
45 0.0007952000005388982 777600
50 0.0004165999998804182 960000
55 0.0008566999995309743 1161600
60 0.0004574000004140544 1382400
75 0.0005970000001980225 2160000
100 0.003606700000091223 3840000
125 0.0011331000005156966 6000000
160 0.0014012999999977183 9830400
200 0.00227069999982632 15360000
250 0.0035691000002771034 24000000
350 0.007791199999701348 47040000
500 0.021361000000069907 96000000
600 0.036282599999140075 138240000
800 0.08791579999979149 245760000
1000 0.137772799999766 384000000
2000 0.8331367999999202 1536000000
5000 9.377006300000176 9600000000
10000 69.85627599999953 38400000000
