2 0.0028836000001319917 1536
5 7.060000098135788e-05 9600
10 0.0011981999996351078 38400
12 0.00012009999954898376 55296
15 0.00010600000132399146 86400
20 0.0020106000010855496 153600
30 0.00018339999951422215 345600
40 0.00013010000111535192 614400
45 0.0004882000012003118 777600
50 0.00015469999925699085 960000
55 0.0001967999996850267 1161600
60 0.0001503000003140187 1382400
75 0.00034950000008393545 2160000
100 0.0005708999997295905 3840000
125 0.001043099999151309 6000000
160 0.0012668999988818541 9830400
200 0.0017306999998254469 15360000
250 0.0040822000009939075 24000000
350 0.009509400000752066 47040000
500 0.024914899999203044 96000000
600 0.0443448999994871 138240000
800 0.10333680000076129 245760000
1000 0.19211340000038035 384000000
2000 0.8891354000006686 1536000000
5000 13.306374699999651 9600000000
10000 106.83362490000036 38400000000
