2 0.12744610000004286 1536
5 0.000340900000082911 9600
10 0.00021900000001551234 38400
12 0.00019459999998616695 55296
15 0.0002832000000125845 86400
20 0.0010284999998475541 153600
30 0.0003854999999930442 345600
40 0.0010035999998763145 614400
45 0.0008863999998993677 777600
50 0.002170800000158124 960000
55 0.0005517000001873384 1161600
60 0.00048470000001543667 1382400
75 0.001071899999942616 2160000
100 0.003661999999849286 3840000
125 0.0018118000000413303 6000000
160 0.0040779000000839005 9830400
200 0.009373099999947954 15360000
250 0.010119100000110848 24000000
350 0.009397499999977299 47040000
500 0.026226599999972677 96000000
600 0.04201130000001285 138240000
800 0.07793739999988247 245760000
1000 0.14333920000012768 384000000
2000 0.9851658000000043 1536000000
5000 10.936467799999946 9600000000
10000 86.24031439999999 38400000000
