2 0.13915240000005724 1536
5 0.00021319999996194383 9600
10 0.00013120000016897393 38400
12 0.00028670000006059126 55296
15 0.00025479999999333813 86400
20 0.0016475999998419866 153600
30 0.0006565999999565975 345600
40 0.0019038000000364264 614400
45 0.0011790000000928558 777600
50 0.0013033999998697254 960000
55 0.0011023000001841865 1161600
60 0.0006212000000687112 1382400
75 0.0026979000001574605 2160000
100 0.004129899999952613 3840000
125 0.0031828999999561347 6000000
160 0.006579800000054092 9830400
200 0.008839699999953154 15360000
250 0.01093589999982214 24000000
350 0.011471499999970547 47040000
500 0.02139220000003661 96000000
600 0.039825300000075003 138240000
800 0.07721289999994951 245760000
1000 0.1458064999999351 384000000
2000 0.9482734000000619 1536000000
5000 10.570189999999911 9600000000
10000 74.26447080000003 38400000000
