2 0.08423829999992449 1536
5 0.00015549999989161734 9600
10 0.00022809999973105732 38400
12 0.0003792000006797025 55296
15 0.0003299999998489511 86400
20 0.0010189000004174886 153600
30 0.00038519999998243293 345600
40 0.0011065000007874914 614400
45 0.0008169000002453686 777600
50 0.0006429000004573027 960000
55 0.0008225999999922351 1161600
60 0.00047419999918929534 1382400
75 0.0006512999998449231 2160000
100 0.001261299999896437 3840000
125 0.0012301999995543156 6000000
160 0.001617699999769684 9830400
200 0.00246789999982866 15360000
250 0.0037885000001551816 24000000
350 0.02388850000079401 47040000
500 0.022990399999798683 96000000
600 0.03723809999974037 138240000
800 0.08341490000020713 245760000
1000 0.13945240000066406 384000000
2000 0.8669588000002477 1536000000
5000 8.977036000000226 9600000000
10000 69.24947460000021 38400000000
