2 0.004711400000815047 1536
5 7.499999992433004e-05 9600
10 0.0015913000006548828 38400
12 0.0001314999990427168 55296
15 0.00011220000124012586 86400
20 0.002531000000089989 153600
30 0.0001880999989225529 345600
40 0.00013589999980467837 614400
45 0.0004867000006925082 777600
50 0.00015069999972183723 960000
55 0.00020680000125139486 1161600
60 0.0001457999987906078 1382400
75 0.0003419999993639067 2160000
100 0.0005046999995101942 3840000
125 0.0009542999996483559 6000000
160 0.002982500000143773 9830400
200 0.002205500000854954 15360000
250 0.004487000000153785 24000000
350 0.008438900000328431 47040000
500 0.028395600000294507 96000000
600 0.04379289999997127 138240000
800 0.10011850000046252 245760000
1000 0.16749659999914002 384000000
2000 1.0004836000007344 1536000000
5000 14.827962499999558 9600000000
10000 107.43951500000003 38400000000
