2 0.10339890000000196 1536
5 0.0002546999999140098 9600
10 0.0002056999999240361 38400
12 0.00025909999999385036 55296
15 0.0012142999999014137 86400
20 0.001951799999915238 153600
30 0.0005567000000610278 345600
40 0.0017313999999259977 614400
45 0.0027238000000124885 777600
50 0.00101859999995213 960000
55 0.0011152999998103041 1161600
60 0.0016436000000794593 1382400
75 0.0033382999999957974 2160000
100 0.003651399999853311 3840000
125 0.0034679000000323867 6000000
160 0.004710100000011153 9830400
200 0.006610399999999572 15360000
250 0.009444099999882383 24000000
350 0.010274199999912526 47040000
500 0.025759200000038618 96000000
600 0.04054939999991802 138240000
800 0.07983560000002399 245760000
1000 0.1515737000001991 384000000
2000 1.1727836000000025 1536000000
5000 9.22305560000018 9600000000
10000 70.8177498 38400000000
