2 0.10037300000021787 1536
5 0.0004247999995641294 9600
10 0.00038860000040585874 38400
12 0.0002845999997589388 55296
15 0.0002868999999918742 86400
20 0.00045420000060403254 153600
30 0.0005488999995577615 345600
40 0.0005540000001929002 614400
45 0.0007138999999369844 777600
50 0.0013031000007686089 960000
55 0.0005602000001090346 1161600
60 0.0006076000008761184 1382400
75 0.0007061000005705864 2160000
100 0.0008078999999270309 3840000
125 0.0014933999991626479 6000000
160 0.001629299999876821 9830400
200 0.0023121000003811787 15360000
250 0.003900600000633858 24000000
350 0.008275700000012876 47040000
500 0.022854300000290095 96000000
600 0.03746099999989383 138240000
800 0.08295600000019476 245760000
1000 0.1442749999996522 384000000
2000 0.8993636000004699 1536000000
5000 10.157866600000489 9600000000
10000 68.66089809999994 38400000000
