2 0.0025971000000026834 1536
5 7.279999999809661e-05 9600
10 9.120000004259055e-05 38400
12 6.680000001324515e-05 55296
15 5.890000011277152e-05 86400
20 0.010932700000012119 153600
30 0.0016906000000744825 345600
40 0.0029451000000335625 614400
45 0.0009184999998979038 777600
50 0.0005340999998679763 960000
55 0.00047459999996135593 1161600
60 0.0003937999999834574 1382400
75 0.002701800000068033 2160000
100 0.0012516000001596694 3840000
125 0.0010760000000118453 6000000
160 0.003949799999872994 9830400
200 0.002104700000018056 15360000
250 0.006303800000068804 24000000
350 0.008231600000044637 47040000
500 0.021534999999857973 96000000
600 0.034936400000106005 138240000
800 0.07777499999997417 245760000
1000 0.16914120000001276 384000000
2000 0.7209240000001955 1536000000
5000 9.043981900000063 9600000000
10000 70.87597399999981 38400000000
