2 0.0036073999999644 1536
5 0.0001157000006060116 9600
10 0.001371399999698042 38400
12 0.00019219999921915587 55296
15 0.00015069999972183723 86400
20 0.0027419999987614574 153600
30 0.0007728000000497559 345600
40 0.0001494999996793922 614400
45 0.0005320999989635311 777600
50 0.0002812999991874676 960000
55 0.00032840000130818225 1161600
60 0.0002592999990156386 1382400
75 0.00046210000073187985 2160000
100 0.0005597999988822266 3840000
125 0.0010511999989830656 6000000
160 0.0032088999996631173 9830400
200 0.0025997000011557247 15360000
250 0.005955200000244076 24000000
350 0.013365800001338357 47040000
500 0.028577200000654557 96000000
600 0.05168309999862686 138240000
800 0.11207359999934852 245760000
1000 0.19017130000065663 384000000
2000 1.1710688999992271 1536000000
5000 13.077680399999736 9600000000
10000 106.35720080000101 38400000000
