2 0.09689280000020517 1536
5 0.00015320000056817662 9600
10 0.0001767999992807745 38400
12 0.0003103000008195522 55296
15 0.0002856999999494292 86400
20 0.0009790000003704336 153600
30 0.00030169999990903307 345600
40 0.0008729999999559368 614400
45 0.0006448000003729248 777600
50 0.0011636999997790554 960000
55 0.001621599999452883 1161600
60 0.0011357999992469558 1382400
75 0.00058309999985795 2160000
100 0.0011703999998644576 3840000
125 0.010105300000759598 6000000
160 0.0013733999994656187 9830400
200 0.002401800000370713 15360000
250 0.0035265999995317543 24000000
350 0.008478199999444769 47040000
500 0.021759600000223145 96000000
600 0.03677889999926265 138240000
800 0.07975360000000364 245760000
1000 0.13884329999928013 384000000
2000 1.0483039000000645 1536000000
5000 9.864261399999123 9600000000
10000 71.29176299999926 38400000000
