2 0.04837010000005648 384
5 0.00030030000004899193 2400
10 9.950000003300374e-05 9600
12 0.00010880000002089218 13824
15 0.00010190000000420696 21600
20 0.0015449999999646025 38400
30 0.00020339999991847435 86400
40 0.0003098999999338048 153600
45 0.00038879999999608117 194400
50 0.0013119999999844367 240000
55 0.0007194999999455831 290400
60 0.0005940999999438645 345600
75 0.0012434000000212109 540000
100 0.0010581999999885738 960000
125 0.0013743000000658867 1500000
160 0.0049500000000080036 2457600
200 0.0015075000000024374 3840000
250 0.002675299999964409 6000000
350 0.005743199999983517 11760000
500 0.028145199999926263 24000000
600 0.02356129999998302 34560000
800 0.04257580000000871 61440000
1000 0.08057199999996101 96000000
2000 0.5092726999999968 384000000
5000 4.874320799999964 2400000000
10000 34.574460199999976 9600000000
