2 0.040355799999986175 384
5 0.0002627000000074986 2400
10 0.00010329999997793493 9600
12 7.809999999608408e-05 13824
15 0.00010730000002467932 21600
20 0.0007939999999848624 38400
30 0.00013389999998025814 86400
40 0.0003918000000453503 153600
45 0.002046199999995224 194400
50 0.0014596999999980653 240000
55 0.001291900000012447 290400
60 0.0004437000000052649 345600
75 0.000979700000016237 540000
100 0.001003400000001875 960000
125 0.000906199999974433 1500000
160 0.0009978999999589178 2457600
200 0.0034107999999832828 3840000
250 0.0024939000000472333 6000000
350 0.006406500000025517 11760000
500 0.012206399999968198 24000000
600 0.018631799999980103 34560000
800 0.04346040000001494 61440000
1000 0.0799898000000212 96000000
2000 0.48161890000000085 384000000
5000 4.637867299999982 2400000000
10000 35.77578 9600000000
