2 0.0034009000009973533 384
5 9.350000073027331e-05 2400
10 0.001894800001537078 9600
12 0.00024450000091746915 13824
15 0.00022160000116855372 21600
20 0.002732799999648705 38400
30 0.0003071999999519903 86400
40 0.0003321999993204372 153600
45 0.0004384000003483379 194400
50 0.0002554000002419343 240000
55 0.000182699999641045 290400
60 0.00023040000087348744 345600
75 0.00041960000089602545 540000
100 0.0008690999984537484 960000
125 0.0015390999997180188 1500000
160 0.0018629999995027902 2457600
200 0.0025206999998772517 3840000
250 0.005232600000454113 6000000
350 0.011769500000809785 11760000
500 0.0333109000002878 24000000
600 0.04905060000055528 34560000
800 0.0979920999998285 61440000
1000 0.1265189999994618 96000000
2000 0.9119969000003039 384000000
5000 12.49020439999913 2400000000
10000 94.603488499999 9600000000
