2 0.0028775999999197666 384
5 9.160000081465114e-05 2400
10 0.0017756999986886512 9600
12 0.00018450000061420724 13824
15 0.0001491999992140336 21600
20 0.002443400000629481 38400
30 0.000318899999911082 86400
40 0.00023829999918234535 153600
45 0.000603899999987334 194400
50 0.0002395999999862397 240000
55 0.00018960000124934595 290400
60 0.00024529999973310623 345600
75 0.000494200001412537 540000
100 0.0007927999995445134 960000
125 0.0012580999991769204 1500000
160 0.0028720999998768093 2457600
200 0.0021815000000060536 3840000
250 0.0045576000011351425 6000000
350 0.013019800000620307 11760000
500 0.03073240000048827 24000000
600 0.05705149999994319 34560000
800 0.08307689999855938 61440000
1000 0.1583714999997028 96000000
2000 0.9054949000001216 384000000
5000 13.314270099999703 2400000000
10000 101.27023339999869 9600000000
