2 0.062141000000337954 384
5 0.0001806999998734682 2400
10 0.00010660000043571927 9600
12 0.00011730000005627517 13824
15 0.00017329999991488876 21600
20 0.00033349999921483686 38400
30 0.00031989999934012303 86400
40 0.0005346999996618251 153600
45 0.0006325000003926107 194400
50 0.0004288000000087777 240000
55 0.0004123999997318606 290400
60 0.000368200000593788 345600
75 0.0004555000004984322 540000
100 0.0006177999994179117 960000
125 0.001787500000318687 1500000
160 0.0009147000000666594 2457600
200 0.0013375999997151666 3840000
250 0.0023351999998340034 6000000
350 0.0051063000000795 11760000
500 0.012411600000632461 24000000
600 0.01851780000015424 34560000
800 0.0422048000000359 61440000
1000 0.07912329999999201 96000000
2000 0.4867082000000664 384000000
5000 5.394855600000483 2400000000
10000 36.01911459999974 9600000000
