2 0.008215400001063244 384
5 0.0003894000001309905 2400
10 0.008831700000882847 9600
12 0.00033230000008188654 13824
15 0.0003059999999095453 21600
20 0.005434999999124557 38400
30 0.0029637000006914604 86400
40 0.00041679999958432745 153600
45 0.00020220000078552403 194400
50 0.0005933000011282274 240000
55 0.00036550000004353933 290400
60 0.00043619999996735714 345600
75 0.0009391000003233785 540000
100 0.0010431999999127584 960000
125 0.0013404999990598299 1500000
160 0.009532299998681992 2457600
200 0.002600799998617731 3840000
250 0.006574300001375377 6000000
350 0.013119100000039907 11760000
500 0.0319536999995762 24000000
600 0.05477679999967222 34560000
800 0.11695209999925282 61440000
1000 0.22409090000110155 96000000
2000 1.3711595999993733 384000000
5000 18.50178479999886 2400000000
10000 120.18380780000007 9600000000
