2 0.05693169999995007 384
5 0.0003104999999550273 2400
10 0.00014860000010230578 9600
12 0.00014209999994818645 13824
15 0.00013260000002901506 21600
20 0.0015740000000050713 38400
30 0.00017199999990680226 86400
40 0.00027399999999033753 153600
45 0.0009095000000343134 194400
50 0.0007249000000228989 240000
55 0.0007045000000971413 290400
60 0.00038759999995363614 345600
75 0.001251199999956043 540000
100 0.0009493000000020402 960000
125 0.001255700000001525 1500000
160 0.000946900000030837 2457600
200 0.0014241999999740074 3840000
250 0.0024075000000038926 6000000
350 0.005828099999916958 11760000
500 0.012256099999945036 24000000
600 0.018748400000049514 34560000
800 0.042029100000036124 61440000
1000 0.07813580000004094 96000000
2000 0.4585043999999243 384000000
5000 4.681379600000014 2400000000
10000 37.3174176 9600000000
