2 0.056531100000029255 384
5 0.00029070000005049224 2400
10 0.00011430000006384944 9600
12 0.00013139999998657004 13824
15 0.0001002999999855092 21600
20 0.001536599999894861 38400
30 0.00017319999994924729 86400
40 0.00031230000001869485 153600
45 0.0003096000000368804 194400
50 0.0014676999999210238 240000
55 0.0007203999999774169 290400
60 0.00039670000001024164 345600
75 0.001764800000046307 540000
100 0.001218399999970643 960000
125 0.0013202000000092085 1500000
160 0.0012057999999797175 2457600
200 0.0020630999999866617 3840000
250 0.0031364000000166925 6000000
350 0.007069600000022547 11760000
500 0.013224600000057762 24000000
600 0.026797799999940253 34560000
800 0.04746099999999842 61440000
1000 0.08721449999995912 96000000
2000 0.5090010999999777 384000000
5000 4.971906800000056 2400000000
10000 34.8314153 9600000000
