2 0.05264810000005582 384
5 0.00011190000009264622 2400
10 6.819999998697313e-05 9600
12 7.229999994251557e-05 13824
15 7.359999995060207e-05 21600
20 0.0003801999999950567 38400
30 0.00026700000000801083 86400
40 0.0005878000000620887 153600
45 0.0022219999999606443 194400
50 0.0013396000000511776 240000
55 0.0017629999999826396 290400
60 0.0010010999999394699 345600
75 0.00043760000005477195 540000
100 0.0005580000000691143 960000
125 0.0007875999999669148 1500000
160 0.0009509000000207379 2457600
200 0.0014500000000907676 3840000
250 0.0024672999999211243 6000000
350 0.005390799999986484 11760000
500 0.011315200000012737 24000000
600 0.018548600000031 34560000
800 0.047844099999906575 61440000
1000 0.07900949999998375 96000000
2000 0.49633369999992283 384000000
5000 5.012760100000037 2400000000
10000 39.28212629999996 9600000000
