2 0.04769279999993614 384
5 0.00031160000003183086 2400
10 0.00012179999998807034 9600
12 0.00013710000007449707 13824
15 0.00013450000005832408 21600
20 0.0017629999999826396 38400
30 0.0002184999999599313 86400
40 0.0003163000000085958 153600
45 0.0004480999999714186 194400
50 0.001274800000032883 240000
55 0.0007385000000112996 290400
60 0.0004340000000411237 345600
75 0.0012752999999747772 540000
100 0.0018651000000318163 960000
125 0.001329499999997097 1500000
160 0.0010537000000567787 2457600
200 0.0014504000000670203 3840000
250 0.002445799999918563 6000000
350 0.005794700000024022 11760000
500 0.012258700000074896 24000000
600 0.018679300000030707 34560000
800 0.041637000000037006 61440000
1000 0.08115729999997257 96000000
2000 0.4679896000000099 384000000
5000 4.631857299999979 2400000000
10000 35.6407868 9600000000
