2 0.04864050000014686 384
5 0.0003974999999627471 2400
10 9.630000022298191e-05 9600
12 0.00014959999953134684 13824
15 0.00016910000067582587 21600
20 0.001056600000083563 38400
30 0.0002986999998029205 86400
40 0.0012471999998524552 153600
45 0.0005905000007260242 194400
50 0.0004764000004797708 240000
55 0.0005234999998720014 290400
60 0.0003814000001511886 345600
75 0.0009208999999827938 540000
100 0.001060499999766762 960000
125 0.0023808000005374197 1500000
160 0.001135499999691092 2457600
200 0.0014742000003025169 3840000
250 0.002693899999940186 6000000
350 0.010160699999687495 11760000
500 0.012741399999868008 24000000
600 0.01846819999991567 34560000
800 0.04396420000011858 61440000
1000 0.0778256000003239 96000000
2000 0.5187251999996079 384000000
5000 5.113246099999742 2400000000
10000 38.97691349999968 9600000000
