2 0.004715100000794337 384
5 0.0006372999996528961 2400
10 6.370000028255163e-05 9600
12 6.42000004518195e-05 13824
15 0.0001488999996581697 21600
20 0.010466500000802625 38400
30 0.001263400000425463 86400
40 0.002104200000758283 153600
45 0.0003240000005462207 194400
50 0.0003311000000394415 240000
55 0.00035539999953471124 290400
60 0.00035850000040227314 345600
75 0.004427300000315881 540000
100 0.000933199999963108 960000
125 0.0008781000005910755 1500000
160 0.001676900000347814 2457600
200 0.0014936000006855465 3840000
250 0.0024503000004187925 6000000
350 0.00582120000035502 11760000
500 0.011942000000090047 24000000
600 0.018643600000359584 34560000
800 0.0416042999995625 61440000
1000 0.08032469999943714 96000000
2000 0.4178038000000015 384000000
5000 4.861515900000086 2400000000
10000 36.7140116999999 9600000000
