2 0.05196490000071208 384
5 0.0003679000001284294 2400
10 9.859999954642262e-05 9600
12 0.0001678000007814262 13824
15 0.00017829999978857813 21600
20 0.0010025999999925261 38400
30 0.00026280000020051375 86400
40 0.001122199999372242 153600
45 0.0005392000002757413 194400
50 0.0004892999995718128 240000
55 0.0005377000006774324 290400
60 0.0005043000001023756 345600
75 0.001552599999740778 540000
100 0.005441700000119454 960000
125 0.0019548000000213506 1500000
160 0.0030445000002146116 2457600
200 0.005209100000683975 3840000
250 0.005515200000445475 6000000
350 0.0066103999997721985 11760000
500 0.013807600000291131 24000000
600 0.02098889999979292 34560000
800 0.04399540000031266 61440000
1000 0.11194249999971362 96000000
2000 0.4772079999993366 384000000
5000 4.732531299999209 2400000000
10000 36.05819070000052 9600000000
