2 0.06921599999998307 384
5 0.0004397999999810054 2400
10 0.00024530000001732333 9600
12 0.0001720000000204891 13824
15 0.00014989999999670545 21600
20 0.0008962999999653221 38400
30 0.00018099999999776628 86400
40 0.0006789999999909924 153600
45 0.0011302999999998065 194400
50 0.0010095000000092114 240000
55 0.00035570000000006985 290400
60 0.0005748000000380671 345600
75 0.001025000000026921 540000
100 0.001292599999999311 960000
125 0.0011508000000048924 1500000
160 0.0010535999999774504 2457600
200 0.0020690000000058717 3840000
250 0.004142000000001644 6000000
350 0.005568000000039319 11760000
500 0.013308700000038698 24000000
600 0.01927800000004254 34560000
800 0.04223429999996142 61440000
1000 0.08314139999998815 96000000
2000 0.5238352999999734 384000000
5000 4.713816500000007 2400000000
10000 35.19720890000002 9600000000
