2 0.002623800000947085 384
5 8.510000043315813e-05 2400
10 0.0012453000017558224 9600
12 0.00012740000056510326 13824
15 0.00014290000035543926 21600
20 0.0024831999999150867 38400
30 0.00033199999961652793 86400
40 0.00020500000027823262 153600
45 0.0005571000001509674 194400
50 0.00021300000116752926 240000
55 0.00044580000030691735 290400
60 0.0002741999996942468 345600
75 0.000495000000228174 540000
100 0.0007667000008950708 960000
125 0.0012420999992173165 1500000
160 0.0018245000010210788 2457600
200 0.002540999999837368 3840000
250 0.005167400000573252 6000000
350 0.009981100000004517 11760000
500 0.03202929999861226 24000000
600 0.05887320000147156 34560000
800 0.11167000000023108 61440000
1000 0.1551389999985986 96000000
2000 0.9930692999987514 384000000
5000 12.246342300000833 2400000000
10000 96.42411999999968 9600000000
