2 8.870000056049321e-05 384
5 4.6499999371008016e-05 2400
10 9.400000089954119e-05 9600
12 5.93999993725447e-05 13824
15 0.00010199999996984843 21600
20 0.0003116000007139519 38400
30 0.00013829999988956843 86400
40 0.00012290000086068176 153600
45 0.00012869999955000822 194400
50 0.00013760000001639128 240000
55 0.00016429999959655106 290400
60 0.00015239999993355013 345600
75 0.00027720000070985407 540000
100 0.0003988999997091014 960000
125 0.0006271000002016081 1500000
160 0.0010087000009662006 2457600
200 0.001474900000175694 3840000
250 0.002752899999904912 6000000
350 0.007556900000054156 11760000
500 0.020479599999816855 24000000
600 0.03382690000034927 34560000
800 0.0907136999994691 61440000
1000 0.15491039999869827 96000000
2000 1.0152748000000429 384000000
5000 13.023893300000054 2400000000
10000 93.30389680000008 9600000000
