2 0.04240639999989071 384
5 0.00031820000003790483 2400
10 7.62999998187297e-05 9600
12 0.00016330000016751 13824
15 0.0001266999997824314 21600
20 0.0009700000000520959 38400
30 0.00021740000011050142 86400
40 0.0004350000008344068 153600
45 0.0009141999998973915 194400
50 0.0005695999998351908 240000
55 0.0005222999998295563 290400
60 0.0005374000002120738 345600
75 0.0012448999996195198 540000
100 0.002702599999793165 960000
125 0.0017627999995966093 1500000
160 0.0033278999999311054 2457600
200 0.004572699999698671 3840000
250 0.005750400000579248 6000000
350 0.006016499999532243 11760000
500 0.014903400000548572 24000000
600 0.05542480000076466 34560000
800 0.0446062000000893 61440000
1000 0.0972751999997854 96000000
2000 0.4515251000002536 384000000
5000 4.901383599999463 2400000000
10000 35.42389010000079 9600000000
