2 0.05849399999988236 384
5 0.00039180000021588057 2400
10 0.00011549999999260763 9600
12 0.0002865999995265156 13824
15 0.0001909000002342509 21600
20 0.0018145000003642053 38400
30 0.00028590000056283316 86400
40 0.0003713000005518552 153600
45 0.0005422000003818539 194400
50 0.0007617999999638414 240000
55 0.0007991000002220972 290400
60 0.0005151999994268408 345600
75 0.001254799999514944 540000
100 0.001351700000668643 960000
125 0.0016305999997712206 1500000
160 0.0015705999994679587 2457600
200 0.0015231999996103696 3840000
250 0.003560699999979988 6000000
350 0.005887599999368831 11760000
500 0.012957899999491929 24000000
600 0.019940600000154518 34560000
800 0.04385499999989406 61440000
1000 0.08095879999928002 96000000
2000 0.5409003999993729 384000000
5000 6.150115299999925 2400000000
10000 38.334246899999926 9600000000
