2 0.017966699999988123 384
5 0.0002269000000296728 2400
10 6.59000000382548e-05 9600
12 6.569999999328502e-05 13824
15 6.399999995210237e-05 21600
20 0.051036100000033 38400
30 0.0020516000000156964 86400
40 0.00519179999997732 153600
45 0.00034429999999474603 194400
50 0.0004004999999551728 240000
55 0.00034929999998212224 290400
60 0.0004180999999903179 345600
75 0.005228400000021338 540000
100 0.0009832999999730418 960000
125 0.0008499999999571628 1500000
160 0.005561399999976402 2457600
200 0.0015439000000014858 3840000
250 0.0025127000000111366 6000000
350 0.005041199999993751 11760000
500 0.011472900000001118 24000000
600 0.018496199999958662 34560000
800 0.04250719999998864 61440000
1000 0.08509090000001152 96000000
2000 0.46254030000000057 384000000
5000 5.580468300000007 2400000000
10000 47.080742499999985 9600000000
