2 0.0038773999986005947 384
5 0.00010850000035134144 2400
10 0.0013794999995297985 9600
12 0.0004896000009466661 13824
15 0.0005404000003181864 21600
20 0.0026222000014968216 38400
30 0.0008077000002231216 86400
40 0.000466499999674852 153600
45 0.0006293999995250488 194400
50 0.00044689999958791304 240000
55 0.00019810000048892107 290400
60 0.00023289999990083743 345600
75 0.0006974000007176073 540000
100 0.0010735000014392426 960000
125 0.0012253999993845355 1500000
160 0.0019028000006073853 2457600
200 0.0025141000005532987 3840000
250 0.004405699999551871 6000000
350 0.009234499999365653 11760000
500 0.02655400000003283 24000000
600 0.04356019999977434 34560000
800 0.1144006000013178 61440000
1000 0.13182179999967047 96000000
2000 1.0265189000001556 384000000
5000 12.640425600000526 2400000000
10000 96.42638290000104 9600000000
