2 0.04957280000053288 384
5 0.00032110000029206276 2400
10 7.730000015726546e-05 9600
12 9.839999984251335e-05 13824
15 0.0001260999997612089 21600
20 0.0016003999999156804 38400
30 0.00020230000063747866 86400
40 0.0006565000003320165 153600
45 0.0004443000007086084 194400
50 0.0007564999996247934 240000
55 0.0007988999996086932 290400
60 0.0003907000000253902 345600
75 0.0013031999997110688 540000
100 0.0011760999996113242 960000
125 0.004826099999263533 1500000
160 0.0010543000007601222 2457600
200 0.02124660000026779 3840000
250 0.002575999999862688 6000000
350 0.005611799999314826 11760000
500 0.01192440000068018 24000000
600 0.04229699999996228 34560000
800 0.052540399999998044 61440000
1000 0.07709130000057485 96000000
2000 0.4795051000000967 384000000
5000 4.78205109999999 2400000000
10000 34.66286780000064 9600000000
