2 0.0023008000007394003 384
5 9.609999870008323e-05 2400
10 0.0008522000007360475 9600
12 0.0004718000000139 13824
15 0.0002609000002848916 21600
20 0.0013173000006645452 38400
30 0.001268599999093567 86400
40 0.00031099999978323467 153600
45 0.00025180000011459924 194400
50 0.0003811999995377846 240000
55 0.000304600000163191 290400
60 0.0012127999998483574 345600
75 0.0008283000006485963 540000
100 0.0066050999994331505 960000
125 0.001647400000365451 1500000
160 0.0021279999982652953 2457600
200 0.002129399999830639 3840000
250 0.008747399999265326 6000000
350 0.009005800000522868 11760000
500 0.03212890000031621 24000000
600 0.052041700000700075 34560000
800 0.10555750000094122 61440000
1000 0.15231710000080056 96000000
2000 1.105379599999651 384000000
5000 13.115023199999996 2400000000
10000 91.42869249999967 9600000000
