2 0.08799209999961022 384
5 0.0005808000005345093 2400
10 0.00018770000042422907 9600
12 0.0007302000003619469 13824
15 0.001698200000646466 21600
20 0.0015550999996776227 38400
30 0.0003898999993907637 86400
40 0.0007779000006848946 153600
45 0.0014337000002342393 194400
50 0.0007060999996610917 240000
55 0.000547000000551634 290400
60 0.000434099999438331 345600
75 0.0021091999997224775 540000
100 0.003379099999619939 960000
125 0.0021582000008493196 1500000
160 0.003358699999807868 2457600
200 0.004660399999920628 3840000
250 0.006505299999844283 6000000
350 0.006539099999827158 11760000
500 0.014047300000129326 24000000
600 0.020567700000356126 34560000
800 0.0462959000005867 61440000
1000 0.08487029999923834 96000000
2000 0.5180543000005855 384000000
5000 4.868152500000178 2400000000
10000 35.4295261999996 9600000000
