2 0.003103900000496651 384
5 9.669999963080045e-05 2400
10 0.0023665000007895287 9600
12 0.00026869999965128954 13824
15 0.0002554000002419343 21600
20 0.003227100000003702 38400
30 0.0002970000005007023 86400
40 0.00020949999998265412 153600
45 0.0005426000006991671 194400
50 0.000393899999835412 240000
55 0.0001833000005717622 290400
60 0.00047810000069148373 345600
75 0.00047529999937978573 540000
100 0.0006737999992765253 960000
125 0.0010326999999961117 1500000
160 0.003128800000922638 2457600
200 0.002158499999495689 3840000
250 0.005123599999933504 6000000
350 0.009652200000346056 11760000
500 0.03199099999983446 24000000
600 0.05604900000071211 34560000
800 0.11786950000168872 61440000
1000 0.13578840000081982 96000000
2000 0.8774288000004162 384000000
5000 12.543900399999984 2400000000
10000 97.61132100000032 9600000000
