2 0.05231280000003835 384
5 0.00041830000003528767 2400
10 0.0002581999999620166 9600
12 0.0007792000000108601 13824
15 0.0006865000000289001 21600
20 0.0016143999999940206 38400
30 0.00021710000004304675 86400
40 0.0012984999999616775 153600
45 0.0029024000000390515 194400
50 0.0017450999999937267 240000
55 0.001508299999954943 290400
60 0.0023059999999759384 345600
75 0.004333900000005997 540000
100 0.005593299999986812 960000
125 0.002402700000004643 1500000
160 0.0042154000000209635 2457600
200 0.003593700000010358 3840000
250 0.004901299999971798 6000000
350 0.008206599999994069 11760000
500 0.015622500000006312 24000000
600 0.022461100000043643 34560000
800 0.04453849999998738 61440000
1000 0.08859390000003486 96000000
2000 0.5341357000000357 384000000
5000 5.541422699999998 2400000000
10000 36.439608100000044 9600000000
