2 0.05949479999981122 384
5 0.00017829999978857813 2400
10 0.000119099999210448 9600
12 0.00016709999999875436 13824
15 0.00017750000006344635 21600
20 0.0002768000003925408 38400
30 0.0002221000004283269 86400
40 0.00033460000031482195 153600
45 0.0003395000003365567 194400
50 0.0003724000007423456 240000
55 0.0003558000007615192 290400
60 0.00035769999976764666 345600
75 0.0010866000002351939 540000
100 0.0006376000001182547 960000
125 0.0010607000003801659 1500000
160 0.0012918000002173358 2457600
200 0.0013400999996520113 3840000
250 0.002412699999695178 6000000
350 0.004918999999972584 11760000
500 0.01252939999994851 24000000
600 0.018183500000304775 34560000
800 0.04248079999979382 61440000
1000 0.08413010000003851 96000000
2000 0.47935620000043855 384000000
5000 4.881617400000323 2400000000
10000 37.54166129999976 9600000000
