2 0.046313499999996566 384
5 0.00027880000016011763 2400
10 0.0001266999997824314 9600
12 0.0001365000007353956 13824
15 0.00012879999940196285 21600
20 0.0009442000000490225 38400
30 0.00023129999954107916 86400
40 0.0008723000000827597 153600
45 0.00046629999997094274 194400
50 0.00035519999983080197 240000
55 0.0003469000002951361 290400
60 0.00039820000074541895 345600
75 0.001350800000182062 540000
100 0.0017716000002110377 960000
125 0.0012326999994911603 1500000
160 0.0013020999995205784 2457600
200 0.005458100000396371 3840000
250 0.003083800000240444 6000000
350 0.00613100000009581 11760000
500 0.012496500000452215 24000000
600 0.020358499999929336 34560000
800 0.045107500000085565 61440000
1000 0.08225140000013198 96000000
2000 0.4895553000005748 384000000
5000 4.78350060000048 2400000000
10000 35.54440109999996 9600000000
