2 0.005865200000698678 384
5 9.240000144927762e-05 2400
10 0.0012834000008297153 9600
12 0.0005069999988336349 13824
15 0.0004919999992125668 21600
20 0.0028925000005983748 38400
30 0.0008385000000998843 86400
40 0.0005042000011599157 153600
45 0.0005751999997301027 194400
50 0.00041990000136138406 240000
55 0.00019350000002305023 290400
60 0.0002275000006193295 345600
75 0.0006554999999934807 540000
100 0.00097749999986263 960000
125 0.0012052999991283286 1500000
160 0.002977899999677902 2457600
200 0.002125700000760844 3840000
250 0.004926300000079209 6000000
350 0.01148540000031062 11760000
500 0.0260457000003953 24000000
600 0.05404189999899245 34560000
800 0.09524550000060117 61440000
1000 0.14885210000102234 96000000
2000 0.9548300999995263 384000000
5000 12.824820800000452 2400000000
10000 142.09567489999972 9600000000
