2 0.002860599999621627 384
5 0.00010990000009769574 2400
10 0.00156779999997525 9600
12 0.00016230000073846895 13824
15 0.00012040000001434237 21600
20 0.001874100000350154 38400
30 0.0002699999986361945 86400
40 0.0003366999990248587 153600
45 0.0005959000009170268 194400
50 0.00021270000070217066 240000
55 0.0001807000007829629 290400
60 0.0002234999992651865 345600
75 0.0005464000005304115 540000
100 0.0006530000009661308 960000
125 0.0010337000003346475 1500000
160 0.0016197000004467554 2457600
200 0.0021231000009720447 3840000
250 0.005293500000334461 6000000
350 0.011112000000139233 11760000
500 0.028025399999023648 24000000
600 0.049716900000930764 34560000
800 0.11090140000123938 61440000
1000 0.1719914000004792 96000000
2000 1.061361100000795 384000000
5000 13.378189099999872 2400000000
10000 94.96099839999988 9600000000
