2 0.04244689999995899 384
5 0.0004427999999734311 2400
10 8.050000008097413e-05 9600
12 0.00019589999999425345 13824
15 8.079999997789855e-05 21600
20 0.00078859999996439 38400
30 0.00012919999994664977 86400
40 0.000565199999982724 153600
45 0.0003821999999900072 194400
50 0.0007487999999966632 240000
55 0.00041190000001734006 290400
60 0.0004792999999381209 345600
75 0.001035400000091613 540000
100 0.0013015999999197447 960000
125 0.0008887999999842577 1500000
160 0.0012384000000338347 2457600
200 0.0018072999999958483 3840000
250 0.0030249999999796273 6000000
350 0.006247400000006564 11760000
500 0.013211100000035003 24000000
600 0.019334000000071683 34560000
800 0.04261420000000271 61440000
1000 0.07917580000003 96000000
2000 0.4903333999999404 384000000
5000 4.650143400000047 2400000000
10000 35.46680279999998 9600000000
