2 4.9799999965216556e-05
5 4.414000002270768e-05
10 5.669999993642705e-05
12 5.329000000529049e-05
15 7.250000001022273e-05
20 0.00010295000001860898
30 9.364000002278771e-05
40 9.815999999318592e-05
45 0.00019393999998555954
50 0.00015564999998787243
55 0.00017100999998547194
60 0.0002443900000116628
75 0.00043801999995594085
100 0.00033458000002610787
125 0.0007970700000214492
160 0.0009458700000095632
200 0.001357699999994111
250 0.003250209999987419
350 0.0076737099999718335
500 0.024641299999984767
600 0.04427144000003409
800 0.0871281899999758
1000 0.14987190000001646
2000 0.9538722100000541
5000 14.112667830000055
