2 0.0010875599999508267
5 0.000356999999985419
10 0.00014942999991944815
12 0.00010756000006040267
15 0.00010721999992711063
20 0.00012719000001197854
30 0.0002567099999396305
40 0.0008757099999456841
45 0.0002911199999289238
50 0.000428250000004482
55 0.00041409999989809875
60 0.0005228700000316167
75 0.0006290899998930399
100 0.0010244200000215642
125 0.0019179900000381167
160 0.002708919999986392
200 0.004346440000017537
250 0.007014610000123866
350 0.014311019999877318
500 0.033915029999934634
600 0.060008409999954895
800 0.11761144000006425
1000 0.23462256000007073
2000 1.9124309100000119
