2 5.722000000787375e-05
5 6.579000005331181e-05
10 0.00010177000003750437
12 7.599999999001739e-05
15 8.29100000373728e-05
20 9.203000013258134e-05
30 0.000228099999958431
40 0.0002417000000605185
45 0.0002876699999433185
50 0.00035892999990210227
55 0.00042253000001437615
60 0.0005823500001042703
75 0.0007183500000792264
100 0.001382629999989149
125 0.003155369999922186
160 0.00465767999999116
200 0.007574009999916598
250 0.013195809999979246
350 0.03288343000012901
500 0.08674676999999065
600 0.17204090000004726
800 0.3367888600000697
1000 0.6843773899999178
2000 5.104693009999937
