2 0.00035416000009718117
5 0.0001482400000895723
10 0.00010944999999082939
12 8.070000003499445e-05
15 9.057000006578164e-05
20 9.714000002531975e-05
30 0.00023926999997456733
40 0.000576260000025286
45 0.0003369800000655232
50 0.00036496000002443906
55 0.0004717499999969732
60 0.000591759999997521
75 0.0008614899999884074
100 0.0014143500000045606
125 0.0030800299999555135
160 0.004868660000011005
200 0.007831590000068899
250 0.013802700000087497
350 0.03596959999999853
500 0.08951894999995602
600 0.17015615999989678
800 0.3403472299999521
1000 0.6768830499999694
2000 5.132905550000032
