2 7.028999993963225e-05
5 7.856999991417979e-05
10 0.00012628000004042406
12 8.976000003713125e-05
15 0.00010150000002795423
20 0.00010609000000840751
30 0.0002521999999316904
40 0.00022658999996565398
45 0.00030359999991560473
50 0.00025218999999196965
55 0.00033288000004176864
60 0.00037515999993047443
75 0.0004551599999558675
100 0.0006147299999611277
125 0.0013210399999934452
160 0.0013949299999694632
200 0.002216899999984889
250 0.0031342400000085036
350 0.0064141900000777245
500 0.01626661999994212
600 0.03492927000002055
800 0.07869242999986455
1000 0.16618564000009428
2000 1.608941409999943
