2 6.81900000472524e-05
5 8.39699999687582e-05
10 0.0001333200000317447
12 9.842999988904922e-05
15 0.00010296999998899991
20 0.00012213999998493817
30 0.0002506899998934387
40 0.0002563899999586283
45 0.00028716000006170363
50 0.00033959999996113766
55 0.00040140000000974394
60 0.0004968100000041886
75 0.0006230599998616526
100 0.0010273400000187394
125 0.001733609999928376
160 0.002604010000050039
200 0.004878279999957158
250 0.007294980000006035
350 0.013987949999955163
500 0.032777739999983166
600 0.05913577000001169
800 0.12560079000004407
1000 0.23931346000008488
2000 1.958333120000043
