2 9.87800000984862e-05
5 7.051000002320507e-05
10 0.00011574999994081736
12 8.533999998689978e-05
15 9.567000001879933e-05
20 0.0001005600000553386
30 0.00023618999994141633
40 0.00025749000005816927
45 0.0003068999999868538
50 0.0003766499999073858
55 0.00043196000005991665
60 0.0006035999999767228
75 0.0007667499999115535
100 0.0014311399999314745
125 0.0030032899999696385
160 0.00478183999994144
200 0.009504730000116979
250 0.015829769999936617
350 0.03356452999992143
500 0.08735792000015863
600 0.17650068000002647
800 0.34034988999992494
1000 0.693390539999973
2000 5.160574740000039
