2 0.00026884000012614704
5 8.066000000326313e-05
10 0.00012612999994416897
12 9.226000001945067e-05
15 9.540999990349519e-05
20 0.0001075700000001234
30 0.0005952100000286009
40 0.0002215000000433065
45 0.00034970000006069314
50 0.00027049000004808477
55 0.0003380100000413222
60 0.000396489999957339
75 0.0004725400001007074
100 0.0006184200000461715
125 0.001400270000067394
160 0.0014570399999684013
200 0.002133490000051097
250 0.003043459999935294
350 0.006353260000014416
500 0.016101320000007035
600 0.03277844999997796
800 0.07749286000002939
1000 0.174908860000005
2000 1.6400208400000793
