2 5.759000009675219e-05
5 6.744999996044498e-05
10 0.00010085000003527967
12 7.772999983899354e-05
15 8.66799999585055e-05
20 9.573000006639632e-05
30 0.00022932000006221643
40 0.0002498499999092019
45 0.00029439999989335777
50 0.0003686100000322767
55 0.00042816999998649405
60 0.0006132900000466179
75 0.0007517599999573576
100 0.0014065400000163209
125 0.003126460000021325
160 0.004669550000016898
200 0.008643780000011248
250 0.01491160000000491
350 0.03480630000003657
500 0.08799296999995931
600 0.1719998999999916
800 0.3361083800000415
1000 0.6568468100000701
2000 5.090115929999956
