2 7.016999993538774e-05
5 8.576999989600154e-05
10 0.00013731999993069622
12 9.981000002881046e-05
15 0.00011059000003115216
20 0.00012410999997882754
30 0.00025913000008586095
40 0.00026878999997279605
45 0.00029165999985707457
50 0.0003436400000282447
55 0.00041454999991401563
60 0.0005055000000538712
75 0.0006309399999736342
100 0.0010304700000688173
125 0.0018155899999783287
160 0.0025364100000388134
200 0.004587940000055824
250 0.006994189999977607
350 0.013928109999960725
500 0.03171509000003425
600 0.06056877000005443
800 0.12848508000001857
1000 0.24121390000004794
2000 1.9115813999999773
