2 9.400000001278386e-05
5 7.962000001953129e-05
10 8.646999997381499e-05
12 0.00010142999999516178
15 0.00010000000002037268
20 0.0001721399999496498
30 0.00011776999999710825
40 0.00012725999999929627
45 0.00021494000002348913
50 0.00016333000000940957
55 0.00017084000005525014
60 0.00024038999997628708
75 0.00038241999998263055
100 0.0002831199999718592
125 0.0005123600000160877
160 0.0005994900000359848
200 0.0007921200000282624
250 0.0014276900000140813
350 0.00268826000003628
500 0.007992029999991246
600 0.013406609999969987
800 0.03076652999995986
1000 0.0646222900000339
2000 0.34320385999999414
5000 4.593526380000003
