2 6.743000001279143e-05
5 6.929999999556457e-05
10 7.821999995485384e-05
12 8.351999999831606e-05
15 8.467000002383429e-05
20 0.00011919000000943924
30 0.00010518000001411565
40 0.00011851000001570356
45 0.00020286000001306092
50 0.00014528000001519105
55 0.00017081000000871427
60 0.00022318999997423817
75 0.00036737000004904985
100 0.00027162000001226263
125 0.00045753999997941717
160 0.0005264700000225276
200 0.000705279999965569
250 0.0013319799999635506
350 0.0023970500000132233
500 0.010260769999968033
600 0.015466040000001157
800 0.03157561999998961
1000 0.05936535000007552
2000 0.36030378999996626
5000 4.562368909999987
