2 8.135000002766901e-05
5 8.250999999290798e-05
10 9.250000000520231e-05
12 9.216000003107184e-05
15 9.366000003865337e-05
20 0.00017892999997002335
30 0.00011890000005223555
40 0.00013029000003825786
45 0.00020538999999644147
50 0.00020082999999431194
55 0.0001816599999983737
60 0.00025668000005225623
75 0.0003819900000053167
100 0.00034596999998939284
125 0.0005867500000249493
160 0.0007888399999501416
200 0.0009266699999898265
250 0.0017914799999971364
350 0.0029907200000025115
500 0.010185559999968063
600 0.015606649999972433
800 0.03764418999999179
1000 0.06471081999998204
2000 0.39293557999994844
5000 3.729320270000085
