2 6.679000000531232e-05
5 6.846999992831116e-05
10 7.2829999953683e-05
12 8.676999998442625e-05
15 7.477000001472333e-05
20 0.00012198999997963256
30 0.00010820999996212777
40 0.00011722999997800798
45 0.00018433000000186439
50 0.00014364999999543214
55 0.0001666300000351839
60 0.0002240600000050108
75 0.00035877999998774613
100 0.0002691299999924013
125 0.0004769300000134535
160 0.0005184400000189271
200 0.000723280000079285
250 0.0012633599999389844
350 0.002400040000043191
500 0.009671840000009979
600 0.013753010000004905
800 0.03347539999999753
1000 0.06446200999998837
2000 0.35061873000001925
5000 4.5867139399999814
