2 6.995000003371388e-05
5 7.065000002057787e-05
10 7.919000001948007e-05
12 8.016999997835228e-05
15 8.410000002641027e-05
20 0.00010893000001033215
30 9.01999999769032e-05
40 0.00010713999997733482
45 0.0001688100000137638
50 0.00013493999999809604
55 0.00014297000000169647
60 0.00019189000001915702
75 0.00029475999997430335
100 0.00022448999998232467
125 0.00042803999997431674
160 0.0004208299999845622
200 0.0005350200000066252
250 0.0009919700000182274
350 0.0017346999999972468
500 0.005571610000038163
600 0.008934700000031626
800 0.023919350000028317
1000 0.05038851000001614
2000 0.2558531700000003
5000 2.7728709700000307
