2 7.081000003381633e-05
5 7.294999998066486e-05
10 8.121000003029622e-05
12 8.763000000726607e-05
15 8.741999999983818e-05
20 0.0001242499999989377
30 0.00010954999988825876
40 0.00012306999994962097
45 0.0002074699999866425
50 0.00015578000000004977
55 0.00017765999998573534
60 0.0002310399999942092
75 0.00037196999996922384
100 0.00027992000000267583
125 0.00047672999996848373
160 0.0005697900000313893
200 0.0007142199998952492
250 0.001536030000079336
350 0.0024298300000509697
500 0.008730929999978798
600 0.015055219999999281
800 0.03359660999997231
1000 0.06073081000004095
2000 0.3443576399999756
5000 4.45190878000003
