2 3.024000070581678e-05 3.603000004659407e-05 
5 3.0129999504424632e-05 3.5600000046542846e-05 
10 2.9820000418112613e-05 0.00016216999938478693 
12 3.54199994035298e-05 5.5409999913536015e-05 
15 3.661000046122354e-05 6.412000002455897e-05 
20 3.523000086715911e-05 6.978999917919281e-05 
30 4.1000001147040166e-05 0.00010348999931011348 
40 0.00010018000029958785 0.00018808999993780162 
45 5.290000044624321e-05 0.00015554000019619708 
50 7.016000017756596e-05 0.00019360999940545298 
55 6.487999999080785e-05 0.0002185299996199319 
60 5.356999972718768e-05 0.00016813999936857727 
75 6.718999975419138e-05 0.00028887000007671304 
100 0.00010093000018969178 0.0004180100004305132 
125 0.0001257400006579701 0.0006180700002005324 
160 0.00019962999976996798 0.000967060000039055 
200 0.00023252999999385794 0.001290750000043772 
250 0.0004215600001771236 0.002494270000170218 
350 0.0011978699989413145 0.006833900000492577 
500 0.006336649999502697 0.01856541999914043 
600 0.011315489999469719 0.03416414000057557 
800 0.020278809999217627 0.08065875000065717 
1000 0.031082070000411476 0.12097739999953774 
2000 0.13338856999980636 0.8224695999997493 
5000 0.9134656599992013 13.840238340001452 
6000 1.3782033200001025 25.426617079999414 
