2 0.0014627900000050431 0.0012110699994082098 
5 0.0014679000003525288 0.00211565999998129 
10 0.0015458900008525234 0.003940719999809517 
12 0.0016349200006516185 0.004804010000225389 
15 0.0016839599997183542 0.005610459999661544 
20 0.0015319899990572593 0.007044690000475385 
30 0.001505419999739388 0.009934030000658822 
40 0.003727699999944889 0.031153050000284566 
45 0.0017590399998880456 0.017611320000651177 
50 0.0022164599995448953 0.018870550001156516 
55 0.002020479999919189 0.020684790000450447 
60 0.0016372399997635512 0.020538649999798507 
75 0.001756079999904614 0.027978110000185553 
100 0.0020212900002661628 0.03937717999906454 
125 0.0018492600003810367 0.04601899000008416 
160 0.002014229999258532 0.05737717000120028 
200 0.001803989999825717 0.0705213700002787 
250 0.002009530000213999 0.0927911499999027 
350 0.0021244899999146583 0.12650164000042424 
500 0.0027481299995997686 0.21281182000020635 
600 0.003207170000678161 0.25833865999884437 
800 0.0041655900007754095 0.33740352999921014 
1000 0.004004440000062459 0.4155139800001052 
2000 0.0075197199999820444 0.976005879999866 
5000 0.032812019999983025 5.616178860000218 
6000 0.04637493000045652 9.00199043999928 
