2 0.002677879999828292 0.00018703999994613697 
5 0.002712460000475403 0.00018867999933718237 
10 0.002835630000117817 0.0001926500000990927 
12 0.0030051699999603444 0.0002096800002618693 
15 0.0030795100010436727 0.00019641999970190226 
20 0.0028292199996940324 0.00018728000031842384 
30 0.0027060299998993287 0.00019397000069147906 
40 0.005652480000571813 0.00043131999955221546 
45 0.0035286700000142445 0.0002483099997334648 
50 0.0035623100004158912 0.0002771600004052743 
55 0.0029205900002125416 0.00022042999953555408 
60 0.0029618499986099776 0.00020275000097171869 
75 0.003237799999988056 0.00022278999967966228 
100 0.0034906500000943196 0.0002639099999214523 
125 0.003268759999991744 0.0002605099998618243 
160 0.003411989999585785 0.0002581200002168771 
200 0.0030675099998916265 0.00021802999981446192 
250 0.0034366299987595994 0.00026463000067451504 
350 0.0032879400001547764 0.00026634999994712416 
500 0.00532932999994955 0.0004620200008503161 
600 0.005440149999412824 0.00046581000060541555 
800 0.006073270000342745 0.00046433999959845097 
1000 0.007061410001188051 0.0005089700000098674 
2000 0.01349387000009301 0.0006202600001415703 
5000 0.05938390000046638 0.001367529999697581 
6000 0.10115675000015471 0.0034977499999513384 
