2 5.838999968545977e-05 1.289000065298751e-05 
5 5.1389999134698884e-05 1.1720000838977284e-05 
10 6.203000011737459e-05 1.6209999375860207e-05 
12 7.203000022855121e-05 1.4759999976377003e-05 
15 7.834999923943542e-05 1.857000061136205e-05 
20 6.654999961028807e-05 2.562000008765608e-05 
30 0.00010879000037675724 3.4389999564155004e-05 
40 0.0001638400000956608 0.0011684300006891135 
45 0.00014202000093064271 8.839999863994308e-05 
50 0.00015820999979041517 5.607999992207624e-05 
55 0.00014099000072747002 7.854999894334469e-05 
60 0.00015787000083946622 6.799999973736704e-05 
75 0.00016264000041701365 9.799999970709905e-05 
100 0.0002606799993372988 0.00014388000054168514 
125 0.0003792200001043966 0.00025911000011547003 
160 0.0004841399993892992 0.0004108199998881901 
200 0.0006279599998379126 0.0007414399999106536 
250 0.0009674400000221795 0.0013497399999323535 
350 0.0024806600002193592 0.002972869999575778 
500 0.011180390000299667 0.013800570000239532 
600 0.018363220000537694 0.02108723999990616 
800 0.03604873000040243 0.04270044000040798 
1000 0.05855545000013081 0.07102746999989903 
2000 0.25060456999999586 0.4694505300005403 
5000 1.8758016900006624 8.806249259999822 
6000 2.9460078899996005 16.661586320000787 
