2 3.660999973362777e-05 9.838000005402137e-05 
5 3.855999930237886e-05 0.00012478000098781195 
10 4.040000021632295e-05 0.00013864999964425807 
12 4.7140000242507084e-05 0.00013564999935624655 
15 4.953999959980138e-05 0.00015596000012010335 
20 4.2490000851103105e-05 0.00016228999993472826 
30 5.381000009947456e-05 0.00017223000031663105 
40 0.0001029999999445863 0.0003495600001770072 
45 7.245999986480456e-05 0.0002608899994811509 
50 8.679000020492822e-05 0.0002911400002631126 
55 7.539000071119518e-05 0.0002723899990087375 
60 6.909000003361144e-05 0.0002477099998941412 
75 8.170999972207937e-05 0.00030804999951214993 
100 0.00012552999978652224 0.00043343000033928546 
125 0.00016045999982452485 0.0005863800000952324 
160 0.0002464100005454384 0.0007493699991755421 
200 0.00030540999869117514 0.0008429100005741929 
250 0.0005284099999698811 0.0013214099999458995 
350 0.001359000000229571 0.0028126799999881767 
500 0.006609449999814387 0.010478570000123 
600 0.01053706000056991 0.02149533999945561 
800 0.01919922000015504 0.03857520000055956 
1000 0.0323421099998086 0.06660066000004009 
2000 0.1364692899995134 0.35267875999998066 
5000 0.9256642999996985 4.455824919999577 
6000 1.4145156599999609 8.108766189999733 
