2 0.0014780800000153249 0.00011134999986097682 
5 0.0015018099998997058 0.00012593999999808148 
10 0.0015197500000795118 0.00013648999920405912 
12 0.0016337699995347065 0.00014338000037241727 
15 0.001594200000181445 0.00018340999995416495 
20 0.0015625400003045798 0.0001446799997211201 
30 0.0015350499998021405 0.0001570900007209275 
40 0.003159799999775714 0.0002710400000069058 
45 0.0019740899999305837 0.00019348000023455825 
50 0.0024981900005514035 0.00019905999943148345 
55 0.001870480000434327 0.00021036999969510363 
60 0.0015762200000608573 0.0001740200001222547 
75 0.0017261199998756637 0.00021801000038976782 
100 0.0019734699995751725 0.00024248000045190565 
125 0.0019255700000940124 0.0002480600003764266 
160 0.00203793000036967 0.00028761999965354335 
200 0.001713180000297143 0.00024244999985967297 
250 0.001921260000744951 0.0002862299992557382 
350 0.001967240000521997 0.0003393599999981234 
500 0.002996720000373898 0.0005280199999106117 
600 0.0034795499999745517 0.0006464999994932441 
800 0.003573339999275049 0.0007707600008870941 
1000 0.0038678699998854426 0.0008857599998009392 
2000 0.0074798900004680036 0.0017716599999403116 
5000 0.027113239999380312 0.004597900000590016 
6000 0.04285985999995319 0.007452810000177124 
